TOA5	ROS_WS	CR3000	4909	CR3000.Std.11	CPU:weather_station_final.CR3	30238	Table05min							
TIMESTAMP	RECORD	PPFD_Avg	AirTC_Avg	RH	WS_ms_Avg	WS_ms_Max	WindDir	NetSW_Avg	NetLW_Avg	NetRad_Avg	LWmV_Avg	LWMDry_Tot	LWMCon_Tot	LWMWet_Tot
TS	RN	mV	Deg C	%	meters/second	meters/second	degrees	W/m^2	W/m^2	W/m^2	mV	Minutes	Minutes	Minutes
		Avg	Avg	Smp	Avg	Max	Smp	Avg	Avg	Avg	Avg	Tot	Tot	Tot
10/10/2011 0:00	91441	-0.017	9.82	82.7	1.275	1.959	1.533	-2.43	-42.68	-45.11	273.9	4	1	0
10/10/2011 0:05	91442	-0.008	9.37	86.6	0.574	0.894	38.53	-3.159	-56.19	-59.35	274.8	0	5	0
10/10/2011 0:10	91443	0	9.64	86.8	0.329	0.494	41.59	-3.283	-56.9	-60.18	276.5	0	5	0
10/10/2011 0:15	91444	0	9.76	87.6	0.457	0.681	41.67	-2.856	-54.36	-57.21	278.7	0	5	0
10/10/2011 0:20	91445	0	9.75	87.7	0.699	0.947	35.36	-2.905	-53.63	-56.53	281.4	0	5	0
10/10/2011 0:25	91446	0	9.62	88.1	0.827	1.027	33.19	-3.05	-53.26	-56.31	284.5	0	1.5	3.5
10/10/2011 0:30	91447	0	9.59	88	0.654	0.787	40.65	-3.282	-52.83	-56.12	287.4	0	0	5
10/10/2011 0:35	91448	0	9.68	87.8	0.579	0.761	32.68	-3.444	-52.64	-56.08	290.5	0	0	5
10/10/2011 0:40	91449	-0.008	9.7	87.7	0.075	0.388	27.19	-3.611	-51.27	-54.88	293.4	0	0	5
10/10/2011 0:45	91450	-0.008	9.66	87.8	0.461	0.654	16.21	-3.435	-50.22	-53.66	296.1	0	0	5
10/10/2011 0:50	91451	0	9.55	88.3	0.278	0.681	19.04	-3.099	-46.06	-49.16	299.7	0	0	5
10/10/2011 0:55	91452	-0.025	9.41	88.9	0.566	0.681	18.28	-2.883	-43.82	-46.71	303.4	0	0	5
10/10/2011 1:00	91453	0	9.33	89.4	1.352	2.145	15.76	-2.443	-41.45	-43.89	306.8	0	0	5
10/10/2011 1:05	91454	-0.008	9.38	89.3	0.982	1.293	16.59	-2.646	-38.23	-40.87	308.6	0	0	5
10/10/2011 1:10	91455	-0.025	9.5	89.2	0.631	1	20.09	-2.743	-36.15	-38.9	310.1	0	0	5
10/10/2011 1:15	91456	0.008	9.56	88.7	0.364	0.947	23.46	-2.962	-38.48	-41.44	311.8	0	0	5
10/10/2011 1:20	91457	0	9.41	88.8	0.806	1	22.57	-2.92	-40.09	-43.01	314	0	0	5
10/10/2011 1:25	91458	-0.025	9.34	89	0.398	0.601	21.95	-3.209	-39.32	-42.53	316.3	0	0	5
10/10/2011 1:30	91459	0	9.22	89.1	0	0	20.75	-3.575	-40.7	-44.28	319	0	0	5
10/10/2011 1:35	91460	0	9.41	89.5	0.338	0.574	26.62	-3.138	-40.96	-44.1	321.8	0	0	5
10/10/2011 1:40	91461	0	9.41	89.4	0.544	1.426	7.582	-3.124	-40.07	-43.19	325	0	0	5
10/10/2011 1:45	91462	-0.025	9.41	89.5	1.043	1.346	3.815	-2.758	-38.59	-41.35	328	0	0	5
10/10/2011 1:50	91463	0	9.5	89.3	0.497	0.761	3.102	-2.77	-37.8	-40.57	331.4	0	0	5
10/10/2011 1:55	91464	0.008	9.45	89.7	0.533	0.894	0.713	-2.724	-35.92	-38.65	334.9	0	0	5
10/10/2011 2:00	91465	-0.025	9.41	88.8	0.59	0.867	28.18	-3.017	-34.65	-37.67	338.7	0	0	5
10/10/2011 2:05	91466	0	8.63	89.3	0.723	0.92	27.26	-3.566	-35.53	-39.1	342.6	0	0	5
10/10/2011 2:10	91467	0	8.29	90.7	0.062	0.308	0.44	-3.408	-33.76	-37.17	346.6	0	0	5
10/10/2011 2:15	91468	-0.008	8.26	90.8	0.238	0.654	32.95	-3.169	-31.83	-35	350.9	0	0	5
10/10/2011 2:20	91469	-0.017	8.1	91.6	0.896	0.974	29.03	-2.905	-31.99	-34.9	355.3	0	0	5
10/10/2011 2:25	91470	-0.008	8.19	92	0.483	0.787	29.77	-3.243	-30.38	-33.63	360.7	0	0	5
10/10/2011 2:30	91471	-0.042	8.05	92.1	0.505	0.707	32.29	-3.308	-28.93	-32.23	366.1	0	0	5
10/10/2011 2:35	91472	-0.008	8	92.8	0.522	0.894	33.12	-3.011	-27.25	-30.26	370.9	0	0	5
10/10/2011 2:40	91473	-0.008	8.05	92.7	0	0	27.48	-3.585	-27.02	-30.6	376	0	0	5
10/10/2011 2:45	91474	0	8.03	93.2	0.523	0.601	20.91	-3.226	-25.99	-29.21	381.7	0	0	5
10/10/2011 2:50	91475	-0.008	8.05	93.1	0.08	0.468	27.24	-3.29	-25.7	-28.99	386.6	0	0	5
10/10/2011 2:55	91476	-0.008	7.964	93.4	0	0	29.12	-3.392	-24.46	-27.85	391.2	0	0	5
10/10/2011 3:00	91477	0.008	7.982	94	0.619	0.867	7.547	-2.704	-24.08	-26.78	395.1	0	0	5
10/10/2011 3:05	91478	-0.008	8.11	93.9	0.622	0.761	12.47	-2.773	-23.25	-26.03	400.1	0	0	5
10/10/2011 3:10	91479	-0.042	8.28	94.1	0.697	0.974	13.81	-3.089	-22.69	-25.78	405.1	0	0	5
10/10/2011 3:15	91480	-0.008	8.34	93.8	0.43	0.547	16.32	-3.27	-22.65	-25.92	409.4	0	0	5
10/10/2011 3:20	91481	-0.008	8.22	93.9	0.334	0.468	19.63	-3.143	-22.21	-25.35	413.4	0	0	5
10/10/2011 3:25	91482	-0.008	8.17	94	0.226	0.521	26.03	-2.929	-21.09	-24.02	417.3	0	0	5
10/10/2011 3:30	91483	-0.017	8.08	94	0.683	0.867	16.7	-2.581	-20.36	-22.94	421.1	0	0	5
10/10/2011 3:35	91484	-0.008	7.961	94.1	0.387	0.84	16.75	-3.042	-20.65	-23.69	425.9	0	0	5
10/10/2011 3:40	91485	0.008	7.741	94.3	0.262	0.547	13.03	-3.428	-20.29	-23.71	429.9	0	0	5
10/10/2011 3:45	91486	0.008	7.77	94.7	0.737	0.814	10.87	-2.982	-19.3	-22.29	434.2	0	0	5
10/10/2011 3:50	91487	-0.008	7.841	94.8	0.43	0.574	3.577	-2.711	-19.55	-22.26	438.3	0	0	5
10/10/2011 3:55	91488	0	7.824	95.1	0.659	0.867	3.375	-2.149	-18.63	-20.78	442.4	0	0	5
10/10/2011 4:00	91489	-0.017	7.881	94.7	0.776	0.974	0.487	-2.188	-17.85	-20.04	446.7	0	0	5
10/10/2011 4:05	91490	0.008	7.509	95	0.771	0.974	1.854	-2.438	-17.81	-20.25	450.5	0	0	5
10/10/2011 4:10	91491	-0.025	7.412	95.3	0.274	0.468	1.795	-2.551	-18.02	-20.57	454	0	0	5
10/10/2011 4:15	91492	0	7.323	95.3	0	0	1.426	-2.558	-17.79	-20.34	457.8	0	0	5
10/10/2011 4:20	91493	0.008	7.265	95.5	0.262	0.574	15.46	-2.961	-17.38	-20.34	460.7	0	0	5
10/10/2011 4:25	91494	-0.008	7.211	95.5	0.033	0.334	7.417	-3.234	-17.49	-20.72	465	0	0	5
10/10/2011 4:30	91495	-0.008	7.352	95.8	0.203	0.574	2.746	-2.316	-16.7	-19.01	468.6	0	0	5
10/10/2011 4:35	91496	0	7.399	95.8	0.537	0.627	9.19	-2.134	-16.44	-18.58	472	0	0	5
10/10/2011 4:40	91497	0	7.505	95.8	0.539	0.601	12.97	-2.648	-15.87	-18.51	476.8	0	0	5
10/10/2011 4:45	91498	0.017	7.55	95.7	0.521	0.707	23.2	-2.807	-15.92	-18.73	480.7	0	0	5
10/10/2011 4:50	91499	0.017	7.314	95.5	0.822	1	28.43	-2.733	-16.18	-18.92	484.9	0	0	5
10/10/2011 4:55	91500	-0.008	7.227	95.8	0.878	0.947	26.43	-2.461	-14.96	-17.42	488	0	0	5
10/10/2011 5:00	91501	0.017	7.223	96	0.942	1.133	32.41	-2.216	-14.18	-16.39	491.2	0	0	5
10/10/2011 5:05	91502	0.125	7.29	96.1	0.122	0.521	25.5	-2.511	-13.45	-15.96	493.9	0	0	5
10/10/2011 5:10	91503	0.376	7.371	96.2	0.55	0.654	15.92	-2.167	-12.95	-15.11	492	0	0	5
10/10/2011 5:15	91504	1.121	7.384	96.2	0.654	0.761	18.38	-1.582	-13.13	-14.71	494.4	0	0	5
10/10/2011 5:20	91505	3.22	7.411	96.2	0.822	0.947	11.21	0.194	-13.32	-13.13	497.3	0	0	5
10/10/2011 5:25	91506	7.192	7.519	96.3	0.864	1	15.37	1.687	-13.33	-11.65	499.8	0	0	5
10/10/2011 5:30	91507	12.84	7.428	96.2	0.439	0.894	9.46	2.589	-13.22	-10.63	497.1	0	0	5
10/10/2011 5:35	91508	20.99	7.367	96.3	0.114	0.468	20.76	5.365	-12.15	-6.79	497.2	0	0	5
10/10/2011 5:40	91509	31.58	7.46	96.3	0.279	0.654	23.71	10.72	-9.97	0.749	497.5	0	0	5
10/10/2011 5:45	91510	47.92	7.552	96.4	0	0	24.51	18.3	-8.24	10.07	497	0	0	5
10/10/2011 5:50	91511	70.37	7.764	96.5	0	0	25.05	28.37	-8.86	19.51	494.6	0	0	5
10/10/2011 5:55	91512	60.55	8.02	96.3	0.094	0.521	0.345	19.48	-11.15	8.34	492.9	0	0	5
10/10/2011 6:00	91513	80.9	8.08	96.3	0.545	0.654	0.178	28.55	-10.41	18.14	491.4	0	0	5
10/10/2011 6:05	91514	64.55	8.39	96.4	0.867	1.08	0.666	20.68	-8.74	11.94	484.2	0	0	5
10/10/2011 6:10	91515	78.58	8.58	96.2	0.79	0.894	1.058	23.99	-12.65	11.35	476.6	0	0	5
10/10/2011 6:15	91516	96.8	8.67	96.2	0.681	0.947	44.83	29.28	-13.45	15.83	474.8	0	0	5
10/10/2011 6:20	91517	109.5	8.89	96.1	0.934	1.107	0.891	33.55	-11.54	22.02	473.4	0	0	5
10/10/2011 6:25	91518	125.6	9.04	96	0.673	0.92	3.399	38.23	-11.87	26.36	471.6	0	0	5
10/10/2011 6:30	91519	155	9.17	95.9	0.649	0.814	4.373	47.08	-14.36	32.71	469.8	0	0	5
10/10/2011 6:35	91520	183.9	9.27	95.7	0.762	1.267	1.283	55.56	-16.65	38.91	467.6	0	0	5
10/10/2011 6:40	91521	196.9	9.46	95.6	0.274	0.441	8.18	59.13	-15.94	43.19	464.9	0	0	5
10/10/2011 6:45	91522	219.3	9.75	95.5	0.155	0.468	4.504	65.93	-14.41	51.52	461.9	0	0	5
10/10/2011 6:50	91523	256.1	9.8	95	0.445	0.627	42.39	76.67	-17.39	59.27	457.6	0	0	5
10/10/2011 6:55	91524	295.7	9.93	94.9	0.451	0.681	1.557	89	-17.81	71.18	452.7	0	0	5
10/10/2011 7:00	91525	278.3	10.3	94.9	0.095	0.334	1.949	83.1	-17.89	65.24	447	0	0	5
10/10/2011 7:05	91526	286.9	10.41	94.2	0.067	0.334	33.29	85	-18.69	66.35	442.7	0	0	5
10/10/2011 7:10	91527	262.3	10.59	93.8	0.494	0.681	43.26	77.7	-18.81	58.88	439.1	0	0	5
10/10/2011 7:15	91528	240.7	10.61	93.5	0.206	0.654	20.67	70.07	-18.7	51.37	435.2	0	0	5
10/10/2011 7:20	91529	242.5	10.66	93.2	0.344	0.654	20.96	70.23	-19.46	50.76	431.2	0	0	5
10/10/2011 7:25	91530	264	10.72	92.9	0.307	0.521	6.166	76.32	-21.25	55.08	426.8	0	0	5
10/10/2011 7:30	91531	290.7	10.86	92.6	0.152	0.441	19.38	83.8	-25.31	58.52	421.3	0	0	5
10/10/2011 7:35	91532	308.7	10.98	92	0.369	0.627	27.79	88.5	-30.48	57.98	416.2	0	0	5
10/10/2011 7:40	91533	437.6	11.31	91.8	0	0	7.568	125.7	-32.9	92.8	407.4	0	0	5
10/10/2011 7:45	91534	673.4	11.7	90.8	0.403	0.787	31.85	198.7	-36.61	162.1	384.4	0	0	5
10/10/2011 7:50	91535	808	12.08	90.1	0.544	1.053	36.08	240.2	-46.08	194.1	338.4	0	0	5
10/10/2011 7:55	91536	846	12.39	87.9	0.772	1.4	10.97	251.5	-66.58	184.9	301.5	0	0	5
10/10/2011 8:00	91537	809	12.96	85.4	0.35	0.547	6.035	241.7	-87.8	153.9	278.5	0	5	0
10/10/2011 8:05	91538	1025	13.5	82.7	0.686	0.974	3.421	310.2	-96	214.2	273.3	3.5	1.5	0
10/10/2011 8:10	91539	1066	13.99	79.34	0.366	0.814	3.088	321.2	-98.9	222.3	271.1	5	0	0
10/10/2011 8:15	91540	1076	14.51	72.38	0.679	1.16	3.837	331.3	-102.6	228.7	268.2	5	0	0
10/10/2011 8:20	91541	1140	14.91	72.68	0.579	0.867	0.915	342	-104.7	237.3	266.1	5	0	0
10/10/2011 8:25	91542	1174	15.21	72.39	1.408	1.799	5.618	352.5	-107.9	244.6	265.4	5	0	0
10/10/2011 8:30	91543	1208	15.33	72.78	0.95	1.56	10.74	366.5	-108.7	257.9	265.7	5	0	0
10/10/2011 8:35	91544	1248	15.69	70.73	1.306	2.305	10.74	382.1	-110.3	271.8	265.4	5	0	0
10/10/2011 8:40	91545	1288	15.16	74.49	1.892	2.518	8.74	399.5	-110.5	289.1	265.4	5	0	0
10/10/2011 8:45	91546	1339	15.44	72.41	1.565	2.332	9.64	414.9	-108.2	306.7	265.4	5	0	0
10/10/2011 8:50	91547	1435	15.75	71.68	1.775	2.971	4.441	450	-109.8	340.2	265.4	5	0	0
10/10/2011 8:55	91548	1394	16	73.16	1.778	2.572	2.114	440.1	-110.3	329.8	265.3	5	0	0
10/10/2011 9:00	91549	1441	16.31	70.1	1.828	2.758	8.96	449.1	-110.4	338.8	265.1	5	0	0
10/10/2011 9:05	91550	1614	16.2	72	1.94	2.865	2.22	510	-110.9	399.1	265.2	5	0	0
10/10/2011 9:10	91551	1460	16.24	70.13	2.05	2.891	6.28	448.1	-109.2	338.8	264.9	5	0	0
10/10/2011 9:15	91552	1601	16.57	69.78	2.124	2.865	9.17	509.8	-108.3	401.4	265.1	5	0	0
10/10/2011 9:20	91553	1580	16.51	71.84	1.645	2.199	9.85	485.2	-108.2	377	265	5	0	0
10/10/2011 9:25	91554	1583	16.89	68.59	1.975	2.545	6.102	510.1	-111.7	398.4	264.9	5	0	0
10/10/2011 9:30	91555	1625	17.35	64.05	1.701	2.039	10.14	507	-109.4	397.7	265	5	0	0
10/10/2011 9:35	91556	1384	17.33	64.63	1.773	2.225	8.13	436.5	-108.2	328.3	264.9	5	0	0
10/10/2011 9:40	91557	1062	17.4	63.52	1.669	2.145	11.28	317.3	-112.6	204.7	264.7	5	0	0
10/10/2011 9:45	91558	1706	17.66	61.4	1.461	1.959	14.2	538.1	-125	413.1	265.2	5	0	0
10/10/2011 9:50	91559	1656	18.02	62.7	1.868	2.625	9.97	522.2	-129.1	393.2	264.7	5	0	0
10/10/2011 9:55	91560	1664	18.02	59.46	1.549	2.305	6.706	525.1	-131.2	393.9	264.7	5	0	0
10/10/2011 10:00	91561	1688	18.66	54.33	1.053	1.56	2.362	532.1	-133	399.1	264.6	5	0	0
10/10/2011 10:05	91562	1711	19.05	50.2	1.096	1.986	8.55	540	-135	405	264.3	5	0	0
10/10/2011 10:10	91563	1728	19.36	53.67	1.285	2.066	14.03	545	-133.7	411.3	264.2	5	0	0
10/10/2011 10:15	91564	1744	19.18	48.49	1.978	2.465	14.23	552	-134.7	417.3	264	5	0	0
10/10/2011 10:20	91565	1761	19.16	46.35	1.943	2.492	22.02	558.6	-135.3	423.3	264.1	5	0	0
10/10/2011 10:25	91566	1773	19.29	45.58	1.421	1.719	6.753	561.9	-137.3	424.6	264.1	5	0	0
10/10/2011 10:30	91567	1797	19.71	43.9	1.237	1.986	9.73	570.4	-137.3	433	263.8	5	0	0
10/10/2011 10:35	91568	1811	19.75	44.02	1.607	2.279	8.24	575	-138.3	436.6	263.7	5	0	0
10/10/2011 10:40	91569	1819	19.73	44.99	1.706	2.332	4.355	578.1	-138.7	439.4	263.8	5	0	0
10/10/2011 10:45	91570	1836	20.04	40.61	1.706	2.492	21.41	585	-140.2	444.8	263.8	5	0	0
10/10/2011 10:50	91571	1848	19.8	40.83	2.105	2.785	7.809	588.4	-141	447.4	263.4	5	0	0
10/10/2011 10:55	91572	1864	20	40.66	1.815	2.545	23.64	596	-141.1	454.9	263.6	5	0	0
10/10/2011 11:00	91573	1877	20.09	40.48	1.49	2.119	16.02	599.7	-141.3	458.5	263.6	5	0	0
10/10/2011 11:05	91574	1891	20.06	45.34	1.823	2.705	11.65	603.4	-140.8	462.6	263.4	5	0	0
10/10/2011 11:10	91575	1919	20.02	40.95	1.954	3.317	6.337	614.1	-139.6	474.5	263.5	5	0	0
10/10/2011 11:15	91576	1894	20.7	41.91	1.376	1.932	16.22	605.4	-142.6	462.8	263.6	5	0	0
10/10/2011 11:20	91577	1914	20.62	42.53	2.018	3.051	8.37	611.8	-140.9	471	263.4	5	0	0
10/10/2011 11:25	91578	1937	20.63	40.76	1.986	2.705	15.07	620.4	-142.1	478.3	263.6	5	0	0
10/10/2011 11:30	91579	1933	20.38	37.1	2.153	3.078	22.47	612.6	-142	470.6	263.5	5	0	0
10/10/2011 11:35	91580	1884	20.34	38.76	2.055	3.424	4.948	600.1	-141.1	459	263.3	5	0	0
10/10/2011 11:40	91581	1980	20.69	39.1	2.036	2.971	4.913	635.1	-140.8	494.4	263.1	5	0	0
10/10/2011 11:45	91582	1903	20.99	37.94	1.765	3.024	7.784	608.2	-138.8	469.4	263.4	5	0	0
10/10/2011 11:50	91583	1971	21.27	38.53	1.272	2.332	10.77	630.2	-142.5	487.7	263.2	5	0	0
10/10/2011 11:55	91584	1976	21.32	37.75	1.187	1.986	1.649	629.7	-142.7	486.9	263.3	5	0	0
10/10/2011 12:00	91585	1996	21.24	36.85	2.96	4.17	2.527	639.3	-138.7	500.7	263.2	5	0	0
10/10/2011 12:05	91586	2011	21.21	43.99	2.209	2.971	1.875	645.7	-139.6	506.1	263.5	5	0	0
10/10/2011 12:10	91587	1915	21.5	36.39	2.889	4.063	3.738	625.8	-138.8	487	263.5	5	0	0
10/10/2011 12:15	91588	1982	21.11	34.06	2.59	3.237	0.759	636.4	-139	497.4	263.4	5	0	0
10/10/2011 12:20	91589	1970	21.62	39.89	1.927	3.211	2.065	633.1	-141.7	491.4	263.6	5	0	0
10/10/2011 12:25	91590	1321	21.58	34.42	2.058	3.184	2.421	425.4	-125.4	300	263.4	5	0	0
10/10/2011 12:30	91591	1786	21.48	35.71	2.58	3.184	3.251	591.5	-131	460.4	263.4	5	0	0
10/10/2011 12:35	91592	1963	21.59	37.01	1.946	2.545	3.702	637.4	-133.4	504	263.6	5	0	0
10/10/2011 12:40	91593	946	21.8	33.84	1.914	3.051	4.011	295.4	-114.4	181	263.2	5	0	0
10/10/2011 12:45	91594	1437	21.47	38.4	1.163	1.799	1.626	447.7	-106.1	341.6	263.5	5	0	0
10/10/2011 12:50	91595	1601	21.93	31.36	1.836	2.279	2.1	522.9	-118	404.8	263.4	5	0	0
10/10/2011 12:55	91596	1884	21.89	31.2	1.679	2.625	0.629	604.8	-128.6	476.2	263.6	5	0	0
10/10/2011 13:00	91597	1897	22.15	37.37	1.634	3.024	5.909	612.5	-133.3	479.2	263.6	5	0	0
10/10/2011 13:05	91598	1513	22.11	33.7	1.991	3.371	3.845	491.9	-117.1	374.8	263.4	5	0	0
10/10/2011 13:10	91599	1990	22.54	31.14	1.738	2.359	9.98	652.9	-127.4	525.5	263.4	5	0	0
10/10/2011 13:15	91600	1339	22.2	29.99	2.167	2.758	31.65	417.4	-114.5	302.9	263.2	5	0	0
10/10/2011 13:20	91601	1520	22.21	26.47	1.725	3.184	0.7	485.5	-112.5	373.1	263.3	5	0	0
10/10/2011 13:25	91602	1819	22.81	33.63	2.761	5.155	19.84	585	-116	468.9	263.5	5	0	0
10/10/2011 13:30	91603	1812	22.73	34.51	2.508	3.664	25.51	585.5	-129.5	456.1	263.5	5	0	0
10/10/2011 13:35	91604	1746	23.25	25.1	2.582	3.957	38.4	563.6	-138.1	425.5	263.5	5	0	0
10/10/2011 13:40	91605	1616	23.39	23.46	3.799	4.436	31.51	520	-134	386	263.2	5	0	0
10/10/2011 13:45	91606	1494	23.35	25.05	3.57	4.329	19.07	481.9	-123.2	358.7	263.2	5	0	0
10/10/2011 13:50	91607	1312	23.35	26.54	3.538	5.235	37.82	421.3	-118.3	302.9	263.1	5	0	0
10/10/2011 13:55	91608	1116	23.01	22.19	4.06	5.901	30.35	349.6	-108.6	241.1	263	5	0	0
10/10/2011 14:00	91609	1413	23.13	20.94	5.123	6.327	33.2	451.4	-107	344.5	263	5	0	0
10/10/2011 14:05	91610	1408	23.16	23.69	4.409	5.794	11.84	448.7	-108.6	340.1	263	5	0	0
10/10/2011 14:10	91611	1296	23.44	24.64	4.393	6.327	33.75	413.2	-116	297.2	262.9	5	0	0
10/10/2011 14:15	91612	1017	22.99	28.93	4.606	7.179	43.27	318.6	-103.3	215.4	262.8	5	0	0
10/10/2011 14:20	91613	1288	23.02	22.68	4.231	5.634	31.35	407.5	-102.7	304.8	262.9	5	0	0
10/10/2011 14:25	91614	1194	23.02	22.91	5.301	7.153	29.81	377.8	-104.3	273.5	262.8	5	0	0
10/10/2011 14:30	91615	1658	23.29	24.89	4.356	5.768	29.82	529.2	-112.9	416.3	263	5	0	0
10/10/2011 14:35	91616	1479	23.64	23.25	4.463	5.421	32.28	473.6	-120.8	352.8	262.9	5	0	0
10/10/2011 14:40	91617	1441	23.62	23.65	4.377	5.475	34.1	461.3	-124.1	337.3	262.8	5	0	0
10/10/2011 14:45	91618	1221	23.56	24.17	4.835	7.099	33.19	386.1	-125.2	260.9	262.8	5	0	0
10/10/2011 14:50	91619	967	22.92	23.63	4.494	5.608	30.16	300.7	-116.3	184.4	262.7	5	0	0
10/10/2011 14:55	91620	663.5	22.36	23.35	3.618	4.17	30.14	197.3	-103.5	93.8	262.7	5	0	0
10/10/2011 15:00	91621	643	22.59	26.59	2.718	3.344	28.02	194.8	-103.7	91.1	262.7	5	0	0
10/10/2011 15:05	91622	1088	22.75	25.6	3.634	4.676	37.52	348.2	-105.6	242.6	262.9	5	0	0
10/10/2011 15:10	91623	934	23.03	24.35	4.598	5.315	31.98	292.5	-102	190.5	262.9	5	0	0
10/10/2011 15:15	91624	1150	23.4	25.15	4.513	5.315	31.22	364.6	-109.9	254.7	263	5	0	0
10/10/2011 15:20	91625	1058	23.37	24.3	4.532	5.475	31.99	333.1	-114.4	218.6	262.9	5	0	0
10/10/2011 15:25	91626	1035	23.05	24.23	4.929	6.087	29.26	327	-113.4	213.5	262.8	5	0	0
10/10/2011 15:30	91627	1035	23.17	25.01	4.713	7.179	29.79	326.5	-113.3	213.2	262.9	5	0	0
10/10/2011 15:35	91628	999	23.18	23.6	4.782	6.247	29.45	314.9	-111.6	203.2	262.9	5	0	0
10/10/2011 15:40	91629	919	22.84	25.34	5.776	7.179	28.4	287.2	-107.7	179.5	262.9	5	0	0
10/10/2011 15:45	91630	910	22.82	28.52	4.388	5.581	26.59	285	-107.9	177.1	262.8	5	0	0
10/10/2011 15:50	91631	697.5	22.72	26.6	4.103	5.341	31.14	215	-105.2	109.8	262.8	5	0	0
10/10/2011 15:55	91632	797.4	22.91	25.2	4.092	5.368	24.21	247.2	-106.6	140.6	262.9	5	0	0
10/10/2011 16:00	91633	796.2	22.84	25.36	4.391	5.315	28.17	248.5	-105.4	143.2	262.9	5	0	0
10/10/2011 16:05	91634	514.1	22.71	28.39	3.458	4.116	30.27	153.8	-94.6	59.11	262.8	5	0	0
10/10/2011 16:10	91635	353.5	22.03	25.86	4.476	5.528	28.98	101.6	-78.42	23.2	262.7	5	0	0
10/10/2011 16:15	91636	438	21.83	25.19	5.264	6.86	29.76	130.5	-77.11	53.44	262.7	5	0	0
10/10/2011 16:20	91637	606.1	22.05	24.87	6.167	8.3	30.02	187.8	-75.91	111.9	262.8	5	0	0
10/10/2011 16:25	91638	587.2	22.22	24.59	4.598	5.688	29.66	180.8	-77.22	103.6	262.8	5	0	0
10/10/2011 16:30	91639	527.8	22.22	23.39	5.85	6.939	29.59	161.2	-82.4	78.79	262.7	5	0	0
10/10/2011 16:35	91640	287.5	21.74	26.01	4.867	5.395	28.41	82.9	-81.8	1.026	262.6	5	0	0
10/10/2011 16:40	91641	273.1	21.41	26.4	3.978	5.208	30.06	78.78	-76.85	1.931	262.6	5	0	0
10/10/2011 16:45	91642	309.1	21.44	26.7	4.167	5.208	27.3	92.1	-74.23	17.87	262.6	5	0	0
10/10/2011 16:50	91643	274.8	21.39	25.47	3.672	4.622	29.04	81.2	-70.49	10.71	262.7	5	0	0
10/10/2011 16:55	91644	229.7	21.31	27.48	4.119	5.315	29.27	67.06	-71.58	-4.522	262.6	5	0	0
10/10/2011 17:00	91645	226.2	21.13	26.19	3.565	4.143	27.63	66.55	-70.03	-3.482	262.6	5	0	0
10/10/2011 17:05	91646	227.7	21.15	25.78	3.437	5.128	29.32	67.63	-65.73	1.898	262.7	5	0	0
10/10/2011 17:10	91647	207.3	21.18	27.36	4.196	6.194	24.25	61.39	-67.12	-5.737	262.7	5	0	0
10/10/2011 17:15	91648	151.4	21.08	27	3.554	4.489	25.64	43.31	-71.79	-28.48	262.6	5	0	0
10/10/2011 17:20	91649	121.6	20.7	28.09	3.102	4.17	27.81	33.83	-70.78	-36.96	262.6	5	0	0
10/10/2011 17:25	91650	112.1	20.6	26.58	2.809	3.477	28.47	31.62	-63.79	-32.17	262.6	5	0	0
10/10/2011 17:30	91651	111.7	20.73	26.76	3.826	4.676	33.04	32.61	-62.49	-29.88	262.7	5	0	0
10/10/2011 17:35	91652	87.2	20.58	26.66	3.163	4.116	33.37	24.62	-64.82	-40.21	262.6	5	0	0
10/10/2011 17:40	91653	77.87	20.54	26.47	4.678	6.087	35.25	22.45	-65.31	-42.86	262.7	5	0	0
10/10/2011 17:45	91654	66.74	20.69	26.42	4.487	5.741	32.19	19.61	-65.26	-45.64	262.6	5	0	0
10/10/2011 17:50	91655	48.65	20.41	28.71	3.381	5.395	34.42	13.04	-65.47	-52.43	262.6	5	0	0
10/10/2011 17:55	91656	32.86	20.12	28.03	3.357	4.809	33.87	7.763	-62.88	-55.12	262.7	5	0	0
10/10/2011 18:00	91657	21.54	20.15	28.42	3.413	4.782	30.7	4.076	-61.39	-57.31	262.6	5	0	0
10/10/2011 18:05	91658	12.33	20.02	28.92	2.843	4.942	32.12	0.908	-59.03	-58.12	262.6	5	0	0
10/10/2011 18:10	91659	6.916	19.65	29.85	2.263	2.971	32.29	-0.934	-56.77	-57.71	262.6	5	0	0
10/10/2011 18:15	91660	3.191	19.44	30.06	2.646	4.063	29.34	-2.118	-56.13	-58.25	262.7	5	0	0
10/10/2011 18:20	91661	1.278	19.39	30.08	2.228	2.785	27.93	-2.398	-52.17	-54.57	262.7	5	0	0
10/10/2011 18:25	91662	0.418	19.22	31.64	2.09	2.279	26.39	-2.57	-47.03	-49.6	262.7	5	0	0
10/10/2011 18:30	91663	0.142	18.88	32.75	1.818	2.518	28.69	-2.656	-45.56	-48.22	262.8	5	0	0
10/10/2011 18:35	91664	0.075	18.75	32.42	1.578	1.852	28.76	-2.616	-43.92	-46.53	262.8	5	0	0
10/10/2011 18:40	91665	0.025	19.19	30.43	2.204	2.785	29.69	-2.246	-45.46	-47.71	262.9	5	0	0
10/10/2011 18:45	91666	0.008	19.04	32.39	1.943	2.385	31.64	-2.8	-49.37	-52.17	262.9	5	0	0
10/10/2011 18:50	91667	0	18.57	32.27	1.448	1.693	30.13	-2.849	-47.86	-50.71	262.9	5	0	0
10/10/2011 18:55	91668	0.008	18.99	31.2	1.552	1.746	31.54	-2.584	-46.95	-49.53	263	5	0	0
10/10/2011 19:00	91669	0	18.89	32.28	1.575	2.012	27.63	-2.731	-45.25	-47.98	263	5	0	0
10/10/2011 19:05	91670	0	18.83	32.36	1.597	1.879	28.77	-2.481	-42.21	-44.69	263	5	0	0
10/10/2011 19:10	91671	0.017	19.04	32.69	1.599	1.852	29.1	-2.337	-40.9	-43.23	263.1	5	0	0
10/10/2011 19:15	91672	0	18.92	34.26	1.892	2.598	31.2	-2.3	-40.11	-42.41	263.2	5	0	0
10/10/2011 19:20	91673	0	18.41	36.98	2.039	2.492	29.49	-2.325	-40.51	-42.83	263.2	5	0	0
10/10/2011 19:25	91674	0	18.15	36.25	1.717	2.199	36.49	-2.3	-39.29	-41.59	263.2	5	0	0
10/10/2011 19:30	91675	0	18.24	35.97	1.754	2.279	34.24	-2.057	-37.24	-39.3	263.3	5	0	0
10/10/2011 19:35	91676	0	18.25	37.95	2.127	2.305	35.81	-2.001	-38.3	-40.3	263.4	5	0	0
10/10/2011 19:40	91677	0	18.01	39.17	1.751	1.932	33.92	-2.182	-37.77	-39.95	263.4	5	0	0
10/10/2011 19:45	91678	0	17.79	39.44	1.517	1.773	33.58	-2.144	-35.55	-37.69	263.4	5	0	0
10/10/2011 19:50	91679	0	17.84	40.24	1.554	1.932	32.44	-1.93	-33.74	-35.67	263.4	5	0	0
10/10/2011 19:55	91680	0	17.81	39.87	1.205	1.453	30.11	-1.999	-32.22	-34.22	263.5	5	0	0
10/10/2011 20:00	91681	0	17.73	39.8	1.171	1.48	31.75	-1.989	-31.3	-33.29	263.5	5	0	0
10/10/2011 20:05	91682	0.033	17.57	42.37	0.846	1.453	22.47	-2.179	-31.46	-33.64	263.5	5	0	0
10/10/2011 20:10	91683	0.008	16.8	46.6	0.955	1.187	21.14	-2.386	-32.81	-35.2	263.6	5	0	0
10/10/2011 20:15	91684	0.008	16.78	45.07	0.367	0.974	18.42	-2.047	-32.23	-34.28	263.7	5	0	0
10/10/2011 20:20	91685	0.017	16.69	47.46	0	0	17.19	-2.171	-31.03	-33.2	263.7	5	0	0
10/10/2011 20:25	91686	0.033	16.46	48.16	0	0	14.06	-1.943	-30.55	-32.49	263.9	5	0	0
10/10/2011 20:30	91687	-0.017	16.6	43.73	0	0	14.39	-1.264	-30.05	-31.31	264.1	5	0	0
10/10/2011 20:35	91688	0.008	16.68	46.21	0	0	18.76	-1.523	-30.21	-31.73	264.2	5	0	0
10/10/2011 20:40	91689	0.008	16.4	47.98	0	0	21.08	-1.696	-29.78	-31.48	264	5	0	0
10/10/2011 20:45	91690	0.042	16.41	47.38	0	0	4.073	-1.543	-29.51	-31.06	264.2	5	0	0
10/10/2011 20:50	91691	0	16.33	46.21	0	0	18.26	-1.578	-28.55	-30.13	264.2	5	0	0
10/10/2011 20:55	91692	0	16.29	48.09	0	0	29.52	-1.558	-28.51	-30.07	264.2	5	0	0
10/10/2011 21:00	91693	0	16.09	48.52	0	0	22.95	-1.449	-27.7	-29.15	264.2	5	0	0
10/10/2011 21:05	91694	0	15.96	50	0	0	27.16	-1.51	-27.73	-29.24	264.2	5	0	0
10/10/2011 21:10	91695	0	15.75	54.21	0.235	0.761	29.84	-1.567	-26.9	-28.47	264.2	5	0	0
10/10/2011 21:15	91696	0	15.45	56.54	1.312	1.613	29.71	-1.425	-25.61	-27.04	264.4	5	0	0
10/10/2011 21:20	91697	0	15.01	58.2	0.936	1.32	25.38	-1.679	-26.91	-28.59	264.4	5	0	0
10/10/2011 21:25	91698	0	15	57.66	1.125	1.293	23.43	-1.379	-26.25	-27.63	264.6	5	0	0
10/10/2011 21:30	91699	0.008	15.23	54.99	1.264	1.666	23.82	-1.213	-26.28	-27.49	264.6	5	0	0
10/10/2011 21:35	91700	0.025	15.85	53.93	1.717	2.066	20.26	-1.062	-26.05	-27.11	264.7	5	0	0
10/10/2011 21:40	91701	0.025	16.01	53.73	1.453	1.56	22.66	-1.336	-26.78	-28.12	264.6	5	0	0
10/10/2011 21:45	91702	0.008	16.01	53.47	1.618	2.039	19.6	-1.364	-27.09	-28.46	264.6	5	0	0
10/10/2011 21:50	91703	0.008	16.04	53.26	1.53	1.852	22.14	-1.473	-27.26	-28.74	264.6	5	0	0
10/10/2011 21:55	91704	0.008	16.08	49.11	1.722	2.145	21.45	-1.295	-26.95	-28.24	264.7	5	0	0
10/10/2011 22:00	91705	0.025	17	44.76	2.737	3.424	21.23	-1.031	-27.57	-28.6	264.7	5	0	0
10/10/2011 22:05	91706	0.017	17.56	43.14	3.067	3.85	22.65	-1.311	-30.37	-31.68	264.6	5	0	0
10/10/2011 22:10	91707	0	17.84	42.42	2.83	3.344	20.59	-1.655	-34.11	-35.77	264.4	5	0	0
10/10/2011 22:15	91708	0	17.8	43.2	2.574	3.024	22.4	-1.9	-36.9	-38.8	264.4	5	0	0
10/10/2011 22:20	91709	0	17.74	43.56	2.851	3.211	22.43	-2.09	-42.45	-44.54	264.3	5	0	0
10/10/2011 22:25	91710	0	17.54	41.79	3.168	3.983	25.45	-2.429	-51.09	-53.52	264.3	5	0	0
10/10/2011 22:30	91711	0	17.61	42.54	2.952	3.504	24.87	-2.721	-58.84	-61.56	264.2	5	0	0
10/10/2011 22:35	91712	0	17.25	45.4	2.313	2.651	24.83	-3.458	-67.28	-70.74	264.1	5	0	0
10/10/2011 22:40	91713	0	16.77	46.37	1.86	2.145	23.77	-3.908	-68.75	-72.66	264.1	5	0	0
10/10/2011 22:45	91714	0	16.63	45.37	2.209	2.465	22.67	-3.499	-66.78	-70.28	264.2	5	0	0
10/10/2011 22:50	91715	0	16.64	45.22	2.26	2.598	23.48	-3.43	-67.55	-70.98	264.2	5	0	0
10/10/2011 22:55	91716	0	16.59	45.62	2.465	2.758	23.03	-3.48	-68.18	-71.66	264.2	5	0	0
10/10/2011 23:00	91717	0	16.46	46.87	2.345	2.678	24.88	-3.548	-68.04	-71.59	264.2	5	0	0
10/10/2011 23:05	91718	0	16.34	47.07	2.116	2.518	26.27	-3.548	-66.71	-70.26	264.2	5	0	0
10/10/2011 23:10	91719	0	16.12	48.12	1.496	1.773	22.38	-3.793	-63.82	-67.61	264.2	5	0	0
10/10/2011 23:15	91720	0	15.82	49.66	1.325	1.56	25	-3.822	-61.57	-65.39	264.2	5	0	0
10/10/2011 23:20	91721	0	15.4	50.85	1.45	1.666	22.15	-3.674	-60.26	-63.94	264.3	5	0	0
10/10/2011 23:25	91722	0	14.79	55.22	1.176	1.639	20.54	-3.905	-60.14	-64.05	264.4	5	0	0
10/10/2011 23:30	91723	0	14.2	56.95	1.221	1.746	25.13	-3.721	-58.92	-62.64	264.5	5	0	0
10/10/2011 23:35	91724	0	13.78	59.96	1.16	1.373	24.18	-3.713	-59.28	-63	264.6	5	0	0
10/10/2011 23:40	91725	0.008	13.32	61.02	1.386	1.746	23.67	-3.413	-58.34	-61.75	264.9	5	0	0
10/10/2011 23:45	91726	0.025	13.52	60.38	1.533	1.879	24.36	-2.997	-58.19	-61.19	265.1	5	0	0
10/10/2011 23:50	91727	0.033	13.08	63.27	1.482	2.012	22.72	-3.368	-58.76	-62.13	265.3	5	0	0
10/10/2011 23:55	91728	0.033	12.59	65.07	1.389	1.613	23.16	-3.42	-58.51	-61.93	265.5	5	0	0
11/10/2011 0:00	91729	0	12.39	65.97	1.344	1.852	23.9	-3.273	-57.94	-61.21	265.8	5	0	0
11/10/2011 0:05	91730	0	12.45	65.95	1.789	2.225	23.02	-2.943	-58.45	-61.39	266	5	0	0
11/10/2011 0:10	91731	0	12	67.64	1.501	1.959	20.88	-3.34	-59.26	-62.6	266.1	5	0	0
11/10/2011 0:15	91732	0	11.68	68.96	1.378	1.693	22.08	-3.42	-60.18	-63.6	266.5	5	0	0
11/10/2011 0:20	91733	0	11.71	69.42	1.152	1.426	16.35	-3.475	-60.97	-64.45	266.5	5	0	0
11/10/2011 0:25	91734	-0.008	11.49	70.23	0.998	1.133	19.73	-3.606	-60.41	-64.01	266.8	5	0	0
11/10/2011 0:30	91735	0.025	11.56	70.45	1.139	1.56	28.81	-3.37	-59.89	-63.26	267.3	5	0	0
11/10/2011 0:35	91736	0	11.71	68.98	1.418	1.719	26.04	-3.075	-60.51	-63.59	267.2	5	0	0
11/10/2011 0:40	91737	0	11.78	68.93	1.815	2.119	21.02	-2.974	-61.3	-64.28	267.1	5	0	0
11/10/2011 0:45	91738	0.008	11.75	69.27	1.749	1.986	27.13	-3.137	-62.35	-65.49	267.1	5	0	0
11/10/2011 0:50	91739	0	11.47	71.03	1.192	1.346	18.11	-3.81	-63.84	-67.65	267.3	5	0	0
11/10/2011 0:55	91740	0	11.39	71.51	1.24	1.4	22.77	-3.713	-64.36	-68.08	267.2	5	0	0
11/10/2011 1:00	91741	0	11.81	68.89	1.237	1.506	21.01	-3.302	-61.95	-65.25	267.3	5	0	0
11/10/2011 1:05	91742	0	11.97	68.16	1.093	1.666	22.45	-3.692	-62.43	-66.12	267.3	5	0	0
11/10/2011 1:10	91743	0	12.06	65.94	1.826	2.305	15.58	-3.307	-64.2	-67.5	266.7	5	0	0
11/10/2011 1:15	91744	0	11.93	64.8	1.621	2.066	12.99	-3.531	-63.26	-66.79	266.8	5	0	0
11/10/2011 1:20	91745	0	12.08	63.38	1.4	1.693	16.82	-3.6	-64.4	-68	266.6	5	0	0
11/10/2011 1:25	91746	0	12.43	63.11	0.939	1.346	15.59	-3.818	-65.85	-69.67	266.2	5	0	0
11/10/2011 1:30	91747	0	11.74	66.39	0.699	0.787	31.9	-4.23	-63.14	-67.37	266.8	5	0	0
11/10/2011 1:35	91748	-0.008	11.67	65.3	0.51	0.654	25.65	-3.931	-61.41	-65.35	267.4	5	0	0
11/10/2011 1:40	91749	-0.008	12.23	60.46	0.8	1.08	26.54	-3.394	-60.98	-64.38	266.6	5	0	0
11/10/2011 1:45	91750	0.008	12.64	59.08	0.846	1.027	13.09	-3.451	-60.96	-64.41	266.3	5	0	0
11/10/2011 1:50	91751	0	12.57	59.42	0.947	1.08	11.82	-3.7	-60.76	-64.46	266.3	5	0	0
11/10/2011 1:55	91752	0.008	12.49	59.46	1.179	1.4	21.98	-3.354	-60.79	-64.14	266.2	5	0	0
11/10/2011 2:00	91753	0	12.37	60.12	1.461	1.639	24.46	-3.23	-62.26	-65.49	266.4	5	0	0
11/10/2011 2:05	91754	0	12.15	59.21	1.98	2.305	16.39	-3.091	-65.58	-68.67	266.4	5	0	0
11/10/2011 2:10	91755	0	11.76	64.54	1.9	2.199	23.54	-3.535	-67.65	-71.19	266.3	5	0	0
11/10/2011 2:15	91756	0	10.83	64.76	2.385	2.891	20.53	-3.489	-67.57	-71.06	266.6	5	0	0
11/10/2011 2:20	91757	0	11.19	65.18	2.444	2.998	16.47	-3.31	-68.88	-72.19	266.4	5	0	0
11/10/2011 2:25	91758	0	11.29	63.82	1.751	1.959	18.68	-3.674	-70.73	-74.41	266.2	5	0	0
11/10/2011 2:30	91759	0	11.59	61.85	2.177	2.572	18.44	-3.323	-71.71	-75.04	266.1	5	0	0
11/10/2011 2:35	91760	0.017	12.01	61.13	1.823	2.145	16.47	-3.532	-71.85	-75.38	265.9	5	0	0
11/10/2011 2:40	91761	0.059	11.61	63.37	0.971	1.293	22.34	-4.445	-69.43	-73.88	265.9	5	0	0
11/10/2011 2:45	91762	0.017	10.97	64.98	0.958	1.24	24.74	-4.432	-67.14	-71.58	266.2	5	0	0
11/10/2011 2:50	91763	0.008	10.93	62.75	1.195	1.293	19.99	-3.767	-65.51	-69.27	266.3	5	0	0
11/10/2011 2:55	91764	0	11.08	62.91	0.68	1.16	24	-4.109	-65.2	-69.31	266.6	5	0	0
11/10/2011 3:00	91765	0	10.73	66.87	0.651	1.107	0.25	-4.182	-65.87	-70.05	266.5	5	0	0
11/10/2011 3:05	91766	0	10.39	67.5	1.006	1.586	0.261	-3.438	-65.03	-68.47	266.9	5	0	0
11/10/2011 3:10	91767	0	10.27	68.48	0.862	1.187	0.356	-3.526	-65.66	-69.19	266.8	5	0	0
11/10/2011 3:15	91768	0	10.44	66.43	0.721	0.894	0.38	-3.568	-65.45	-69.02	266.6	5	0	0
11/10/2011 3:20	91769	0.017	10.87	64.78	0.654	0.867	12.37	-3.799	-65.27	-69.07	266.4	5	0	0
11/10/2011 3:25	91770	0	10.91	63.57	0.486	0.627	0.38	-4.008	-64.37	-68.38	266.4	5	0	0
11/10/2011 3:30	91771	0	10.57	65.86	0.373	0.627	0.511	-4.312	-64.36	-68.67	266.7	5	0	0
11/10/2011 3:35	91772	0	10.33	67.22	0.534	0.681	0.285	-3.417	-63.39	-66.81	266.9	5	0	0
11/10/2011 3:40	91773	0	10.24	68.77	0.103	0.388	0.261	-3.887	-63.15	-67.04	267.7	5	0	0
11/10/2011 3:45	91774	-0.008	9.87	70.39	0	0	24	-3.765	-62.36	-66.12	268.4	5	0	0
11/10/2011 3:50	91775	0	9.46	71.28	0	0	11.12	-4.128	-61.74	-65.87	268.9	5	0	0
11/10/2011 3:55	91776	0	9.16	71.87	0	0	0.226	-3.528	-61.3	-64.82	269.5	5	0	0
11/10/2011 4:00	91777	0	9.01	72.4	0.243	0.547	37.36	-2.87	-59.87	-62.74	269.5	5	0	0
11/10/2011 4:05	91778	0	9.19	71.26	0.699	1.213	23.96	-2.94	-60.01	-62.95	269.7	5	0	0
11/10/2011 4:10	91779	0	9.01	72.51	0.715	0.974	15.94	-3.27	-61.8	-65.07	270.7	5	0	0
11/10/2011 4:15	91780	0	8.91	72.45	0.303	0.681	31.38	-3.798	-61.04	-64.84	271.7	5	0	0
11/10/2011 4:20	91781	0.008	8.82	72.98	0.657	0.947	24.78	-3.598	-60.64	-64.24	272.9	5	0	0
11/10/2011 4:25	91782	0	8.7	74.13	0.731	1.16	14.52	-3.81	-60.87	-64.68	274.3	1.5	3.5	0
11/10/2011 4:30	91783	-0.008	8.47	75.29	0.637	0.947	18.29	-3.739	-61.12	-64.86	276.3	0	5	0
11/10/2011 4:35	91784	0	8.43	76.05	0.768	0.974	18.01	-3.736	-61.07	-64.81	278.4	0	5	0
11/10/2011 4:40	91785	0	8.48	76.19	0.667	0.761	17.07	-3.657	-60.49	-64.15	280.9	0	5	0
11/10/2011 4:45	91786	0	8.42	75.34	0.437	0.787	19.86	-3.575	-60.02	-63.59	283.6	0	3.5	1.5
11/10/2011 4:50	91787	-0.008	8.39	71.34	0.835	1.027	24.51	-3.278	-59.36	-62.63	286.4	0	0	5
11/10/2011 4:55	91788	0.033	8.78	70.83	0.519	0.894	14.3	-3.589	-60.35	-63.94	289	0	0	5
11/10/2011 5:00	91789	0.075	8.44	76.54	0.694	0.92	8.57	-4.004	-62.9	-66.9	290	0	0	5
11/10/2011 5:05	91790	0.159	8.04	78.28	0.398	0.734	14.33	-3.927	-62.33	-66.26	291.5	0	0	5
11/10/2011 5:10	91791	0.518	7.716	79.6	0.904	0.974	11.16	-3.25	-63.9	-67.15	292.5	0	0	5
11/10/2011 5:15	91792	1.606	7.475	81.2	0.203	0.681	13.74	-3.222	-63.44	-66.66	293.4	0	0	5
11/10/2011 5:20	91793	4.265	7.177	82.3	0.482	0.681	13.97	-2.349	-62.87	-65.22	295.4	0	0	5
11/10/2011 5:25	91794	9.1	7.396	81.3	0.691	0.814	16.12	-0.85	-62.3	-63.15	297.7	0	0	5
11/10/2011 5:30	91795	16.42	7.505	81.7	0.577	0.814	12.49	0.919	-63.11	-62.19	299.7	0	0	5
11/10/2011 5:35	91796	25.73	7.416	82.2	0.222	0.654	23.43	3.06	-63.41	-60.35	301.5	0	0	5
11/10/2011 5:40	91797	37.87	7.2	83.3	0.314	1	25.71	7.154	-64.17	-57.01	303.5	0	0	5
11/10/2011 5:45	91798	58.01	7.073	83.6	0	0	13.61	13.27	-64.67	-51.4	305.1	0	0	5
11/10/2011 5:50	91799	80.3	7.08	81.6	0	0	20.89	24.78	-63.98	-39.2	304.5	0	0	5
11/10/2011 5:55	91800	111.1	7.46	79.89	0	0	18.2	27.23	-66.31	-39.07	300	0	0	5
11/10/2011 6:00	91801	116.4	7.673	79.53	0.339	0.787	0.297	29.47	-69.3	-39.83	294.2	0	0	5
11/10/2011 6:05	91802	143.3	8.05	72.9	0.838	1.053	0.535	42.86	-69.71	-26.84	286.4	0	1.5	3.5
11/10/2011 6:10	91803	175.3	9.25	70.53	0.947	1.267	0.88	54.51	-72.1	-17.59	277.1	1	4	0
11/10/2011 6:15	91804	172.7	9.46	74.43	0.587	1.16	0.689	49.05	-75.44	-26.39	270.7	5	0	0
11/10/2011 6:20	91805	209.7	9.14	77.15	0.699	1.32	8.97	59.39	-78.2	-18.81	267.4	5	0	0
11/10/2011 6:25	91806	276.3	9.08	77.82	0.848	1.213	21.35	83.5	-81.1	2.443	266.5	5	0	0
11/10/2011 6:30	91807	321.2	9.29	80.3	0.947	1.373	9.77	98	-84.6	13.35	266.1	5	0	0
11/10/2011 6:35	91808	393.2	9.51	78.39	0.699	0.894	20.37	124.2	-88.2	36	265.7	5	0	0
11/10/2011 6:40	91809	363	10	76.46	0.742	1.08	6.668	109.7	-90.1	19.55	265.1	5	0	0
11/10/2011 6:45	91810	409.3	10.62	73.6	0.595	0.814	6.525	125.7	-92	33.7	265.2	5	0	0
11/10/2011 6:50	91811	465.9	11.64	70.63	0	0	1.188	142	-91.2	50.72	265.2	5	0	0
11/10/2011 6:55	91812	567.3	12.48	69.36	0.399	0.707	26.39	176.8	-93.3	83.5	265	5	0	0
11/10/2011 7:00	91813	615.2	12.6	65.48	0.63	0.814	4.682	191.6	-93.3	98.3	264.4	5	0	0
11/10/2011 7:05	91814	594.4	12.77	60.43	0.987	1.293	2.959	183.4	-91.7	91.7	264	5	0	0
11/10/2011 7:10	91815	682.6	12.99	62.37	0.934	1.213	2.828	214.4	-90	124.4	264.3	5	0	0
11/10/2011 7:15	91816	696.4	13.56	59.24	0.75	1.053	2.103	217.4	-89.9	127.5	264.3	5	0	0
11/10/2011 7:20	91817	654.6	14.01	55.29	0.862	1.053	2.329	203.3	-92.2	111.1	264	5	0	0
11/10/2011 7:25	91818	600.7	14.23	53.01	0.806	1.08	0.63	183.1	-87.3	95.9	263.9	5	0	0
11/10/2011 7:30	91819	625.8	14.58	55.98	0.739	1.107	0.487	190.9	-95.4	95.5	264.1	5	0	0
11/10/2011 7:35	91820	749.6	14.88	54.44	0.883	1.107	13.18	231.7	-99.4	132.3	264	5	0	0
11/10/2011 7:40	91821	774.1	14.89	48.57	0.915	1.107	1.14	238.6	-103	135.5	263.9	5	0	0
11/10/2011 7:45	91822	783.7	15.08	48.28	1.248	1.773	0.962	241.1	-103.1	138	263.8	5	0	0
11/10/2011 7:50	91823	876	15.29	48.44	1.171	1.826	0.998	271.5	-104.9	166.6	263.8	5	0	0
11/10/2011 7:55	91824	742.9	15.44	39.57	1.317	2.172	1.995	226.5	-104.3	122.1	263.3	5	0	0
11/10/2011 8:00	91825	910	15.38	41.51	1.232	1.799	1.069	282.4	-105.8	176.7	263.5	5	0	0
11/10/2011 8:05	91826	1038	15.48	41.52	1.514	2.012	2.221	324.1	-110.2	213.9	263.4	5	0	0
11/10/2011 8:10	91827	1080	15.54	45.46	1.789	2.225	1.235	337.6	-112.2	225.5	263.3	5	0	0
11/10/2011 8:15	91828	1114	15.69	41.11	1.695	2.066	1.164	348.3	-114.4	233.8	263.3	5	0	0
11/10/2011 8:20	91829	1177	15.83	40.54	1.762	2.385	1.33	368.9	-116.3	252.6	263.2	5	0	0
11/10/2011 8:25	91830	1199	15.82	40.92	2.066	2.598	1.306	376.5	-118.2	258.3	263.1	5	0	0
11/10/2011 8:30	91831	1158	15.86	40.84	1.309	2.225	1.306	360.1	-118.4	241.8	263.1	5	0	0
11/10/2011 8:35	91832	1305	16.28	39.09	1.826	2.385	1.199	411.3	-122.7	288.7	263.1	5	0	0
11/10/2011 8:40	91833	1314	16.51	41.9	0.976	2.012	1.164	411.2	-122.2	289	263.2	5	0	0
11/10/2011 8:45	91834	1320	16.66	38.08	1.296	2.465	2.256	416.3	-122.5	293.8	262.8	5	0	0
11/10/2011 8:50	91835	1305	16.35	39.07	1.677	1.959	4.238	414.2	-123.2	291	262.5	5	0	0
11/10/2011 8:55	91836	1397	16.35	39.45	1.296	1.799	23.02	440.2	-124.3	316	263	5	0	0
11/10/2011 9:00	91837	1530	16.66	39.68	1.496	2.305	1.804	479	-116.5	362.5	262.6	5	0	0
11/10/2011 9:05	91838	1087	16.62	39.13	1.687	2.705	15.33	338.7	-107.6	231.1	262.1	5	0	0
11/10/2011 9:10	91839	1233	16.53	42.08	0.912	1.426	5.282	378.4	-97.8	280.6	262.8	5	0	0
11/10/2011 9:15	91840	1091	17.31	38.77	0.923	1.533	0.961	338.4	-97.9	240.5	262.7	5	0	0
11/10/2011 9:20	91841	1025	17.4	38.36	0.934	1.32	5.247	317.5	-96.6	220.9	262.5	5	0	0
11/10/2011 9:25	91842	1042	16.91	41.17	1.458	2.332	14.91	322.4	-95.3	227.1	262.5	5	0	0
11/10/2011 9:30	91843	1126	16.77	41.57	1.629	2.252	1.496	350.5	-95.3	255.3	262.5	5	0	0
11/10/2011 9:35	91844	1074	17.12	42.19	1.075	1.693	0.748	333.2	-95.1	238.1	262.8	5	0	0
11/10/2011 9:40	91845	1154	17.26	37.68	0.958	1.32	1.401	355.5	-94.7	260.8	263	5	0	0
11/10/2011 9:45	91846	1094	17.51	40.16	0.835	1.373	24.04	338.6	-93.5	245.1	262.8	5	0	0
11/10/2011 9:50	91847	1135	17.51	39.51	1.269	2.012	18.05	351.7	-94.1	257.6	262.7	5	0	0
11/10/2011 9:55	91848	1110	17.32	39.64	1.227	1.746	1.08	343.9	-93.7	250.2	262.5	5	0	0
11/10/2011 10:00	91849	1053	17.37	37.69	1.006	1.4	0.7	324.2	-92.8	231.4	262.5	5	0	0
11/10/2011 10:05	91850	1261	17.62	40.7	1.498	1.879	0.665	392.6	-95.8	296.8	262.7	5	0	0
11/10/2011 10:10	91851	1315	17.59	36.97	2.148	2.598	1.685	412.6	-97.5	315	262.7	5	0	0
11/10/2011 10:15	91852	1227	17.44	45.5	2.074	2.731	0.795	383.5	-97.1	286.4	262.8	5	0	0
11/10/2011 10:20	91853	1244	17.41	39.69	2.223	2.971	1.08	389.6	-96.2	293.4	262.8	5	0	0
11/10/2011 10:25	91854	1206	17.77	37.18	1.384	2.012	1.294	377.6	-98.3	279.3	262.9	5	0	0
11/10/2011 10:30	91855	1327	17.92	37.31	1.589	2.918	0.795	417.2	-101.9	315.3	262.8	5	0	0
11/10/2011 10:35	91856	1311	17.81	38.87	2.071	2.625	0.617	413.1	-104.2	308.9	262.8	5	0	0
11/10/2011 10:40	91857	1092	17.86	43.03	0.952	1.799	1.044	339.9	-99.2	240.7	262.9	5	0	0
11/10/2011 10:45	91858	1140	18.3	35.8	1.029	1.852	0.202	355.2	-102.8	252.4	262.8	5	0	0
11/10/2011 10:50	91859	1319	18.26	37.27	1.733	2.865	0.475	415	-105.5	309.5	262.8	5	0	0
11/10/2011 10:55	91860	1501	18.16	38.01	1.504	2.359	28.97	476.3	-109.8	366.6	263	5	0	0
11/10/2011 11:00	91861	1341	18.32	40.99	2.097	2.545	30.46	421.5	-106.4	315.1	262.6	5	0	0
11/10/2011 11:05	91862	1493	18.28	36.43	1.935	2.572	3.05	473.6	-108.7	364.9	262.7	5	0	0
11/10/2011 11:10	91863	1688	18.32	44.61	2.177	2.705	2.006	536.7	-110.8	425.9	262.8	5	0	0
11/10/2011 11:15	91864	1658	18.48	43.1	2.02	2.492	2.457	528.2	-114.3	414	262.8	5	0	0
11/10/2011 11:20	91865	1533	18.76	45.57	1.751	2.225	1.46	488.3	-115.9	372.4	262.8	5	0	0
11/10/2011 11:25	91866	1645	19	37.83	1.836	2.359	1.78	522.2	-117.5	404.6	262.8	5	0	0
11/10/2011 11:30	91867	1601	19.25	34.51	1.847	3.158	0.261	510.7	-119.3	391.4	262.8	5	0	0
11/10/2011 11:35	91868	1317	19.1	37.72	1.037	2.225	20.44	412.1	-110.6	301.5	262.5	5	0	0
11/10/2011 11:40	91869	1662	19.69	34.41	1.208	2.412	22.24	530	-119.9	410	262.9	5	0	0
11/10/2011 11:45	91870	1606	19.58	36.21	1.477	2.492	3.015	509.6	-118.6	391	262.5	5	0	0
11/10/2011 11:50	91871	1226	19.77	37.34	1.149	2.172	5.091	416	-114.9	301	262.5	5	0	0
11/10/2011 11:55	91872	1121	20	35.92	1.136	1.426	4.878	344.3	-104.2	240.1	262.6	5	0	0
11/10/2011 12:00	91873	1312	19.93	33.37	1.671	2.092	2.231	409.4	-105.9	303.5	262.7	5	0	0
11/10/2011 12:05	91874	1509	19.98	31.97	1.506	2.145	1.009	474.8	-107.4	367.4	262.8	5	0	0
11/10/2011 12:10	91875	1285	20.23	32.33	1.392	2.066	3.062	403.2	-110.6	292.6	262.6	5	0	0
11/10/2011 12:15	91876	1442	19.99	32.73	1.647	2.145	6.112	453.3	-110.8	342.5	262.5	5	0	0
11/10/2011 12:20	91877	1505	20.32	31.88	1.269	1.879	12.35	475.8	-115.9	359.9	262.6	5	0	0
11/10/2011 12:25	91878	1635	20.53	31.27	1.029	1.373	33.15	519.5	-121.4	398.1	262.8	5	0	0
11/10/2011 12:30	91879	1800	21.14	38.03	1.384	2.039	29.15	573.8	-125.1	448.7	262.8	5	0	0
11/10/2011 12:35	91880	1451	20.95	35.19	2.319	3.237	31.46	457.8	-114.4	343.4	262.4	5	0	0
11/10/2011 12:40	91881	1030	20.65	30.55	1.533	2.332	0.617	314.7	-99	215.7	262.4	5	0	0
11/10/2011 12:45	91882	783.2	20.67	32.62	1.227	3.397	19.94	232.5	-86.4	146.1	262.4	5	0	0
11/10/2011 12:50	91883	732.4	20.61	30.44	1.807	2.785	33.44	216.5	-80.1	136.4	262.4	5	0	0
11/10/2011 12:55	91884	808	20.61	30.97	1.205	2.492	23.26	241.8	-82.9	158.9	262.6	5	0	0
11/10/2011 13:00	91885	1251	21	28.69	1.291	1.906	19.47	390.9	-100.7	290.2	262.7	5	0	0
11/10/2011 13:05	91886	1427	21.1	30.53	1.599	2.492	17.09	450.8	-111.7	339.1	262.4	5	0	0
11/10/2011 13:10	91887	1165	21.28	28.55	1.783	2.651	15.49	362.1	-107.8	254.3	262.5	5	0	0
11/10/2011 13:15	91888	1554	21.2	28.99	1.349	1.932	15.37	497.1	-116.7	380.4	262.3	5	0	0
11/10/2011 13:20	91889	1673	21.26	29.44	1.259	1.852	9.46	531	-118.3	412.7	262.6	5	0	0
11/10/2011 13:25	91890	1704	22.02	28.15	0.91	1.16	8.7	552.4	-132.3	420	262.6	5	0	0
11/10/2011 13:30	91891	1825	22.46	27.37	1.179	1.746	22.87	590.3	-137	453.4	262.8	5	0	0
11/10/2011 13:35	91892	1774	22.33	29.06	2.561	3.823	33.11	571.9	-139.4	432.6	262.6	5	0	0
11/10/2011 13:40	91893	1710	21.89	27.21	2.508	3.717	22.59	564	-139	424.9	262.6	5	0	0
11/10/2011 13:45	91894	1708	22.3	28.5	1.738	2.279	2.551	555.3	-141.5	413.8	262.8	5	0	0
11/10/2011 13:50	91895	1593	22.67	29.41	1.37	2.066	5.601	512.2	-137.4	374.8	262.6	5	0	0
11/10/2011 13:55	91896	1514	22.36	30.6	1.653	2.145	1.97	500.9	-139.8	361.1	262.7	5	0	0
11/10/2011 14:00	91897	1584	22.25	28.8	2.713	3.85	24.61	527.9	-137.7	390.2	262.7	5	0	0
11/10/2011 14:05	91898	1610	22.26	27.21	2.012	3.61	22.37	523.5	-138.9	384.6	262.6	5	0	0
11/10/2011 14:10	91899	1398	22.28	26.2	1.996	2.465	27.99	466	-138.9	327.1	262.5	5	0	0
11/10/2011 14:15	91900	1239	22.15	26.91	1.898	2.518	32.5	366.5	-132.9	233.6	262.4	5	0	0
11/10/2011 14:20	91901	1158	22.08	27.54	1.964	2.811	28.94	351.9	-128	223.9	262.5	5	0	0
11/10/2011 14:25	91902	1285	22.14	28.09	2.076	2.572	33.77	421.2	-129.6	291.6	262.5	5	0	0
11/10/2011 14:30	91903	1401	22.3	30.18	2.052	2.465	0.403	452.7	-134.3	318.4	262.7	5	0	0
11/10/2011 14:35	91904	1409	22.51	28.61	1.823	2.758	22.83	454.3	-136.2	318	262.7	5	0	0
11/10/2011 14:40	91905	1405	22.75	29.39	2.239	2.944	29.87	451.6	-135.9	315.7	262.7	5	0	0
11/10/2011 14:45	91906	1391	22.64	28.4	1.898	2.625	17.78	446.8	-133.5	313.3	262.7	5	0	0
11/10/2011 14:50	91907	1306	22.6	24.4	1.128	1.693	0.665	417.4	-132.1	285.3	262.6	5	0	0
11/10/2011 14:55	91908	1095	22.47	29.89	1.874	2.145	6.526	347.7	-124.9	222.8	262.6	5	0	0
11/10/2011 15:00	91909	1160	22.28	27.27	1.152	1.533	25.3	369.4	-122.4	247	262.7	5	0	0
11/10/2011 15:05	91910	1146	22.77	25.89	1.677	2.332	28.63	365.4	-123.9	241.5	262.7	5	0	0
11/10/2011 15:10	91911	932	22.6	26.92	1.384	2.199	19.21	291.2	-115.9	175.4	262.6	5	0	0
11/10/2011 15:15	91912	1100	23.16	23.42	0.675	1.053	9.17	350.2	-116.9	233.3	262.5	5	0	0
11/10/2011 15:20	91913	1073	23.29	24.2	1.639	2.811	33.58	337.4	-117.8	219.6	262.6	5	0	0
11/10/2011 15:25	91914	1075	22.7	24.03	2.353	3.504	0.32	340.1	-117.2	222.9	262.6	5	0	0
11/10/2011 15:30	91915	1071	22.59	28.27	2.153	3.53	32.49	339.9	-113.6	226.4	262.7	5	0	0
11/10/2011 15:35	91916	1001	22.8	26.83	2.524	3.237	0.593	309.6	-112.8	196.7	262.7	5	0	0
11/10/2011 15:40	91917	814	22.48	26.81	2.452	3.317	32.76	238.1	-108.8	129.3	262.6	5	0	0
11/10/2011 15:45	91918	619.7	22.13	24.9	1.842	2.865	32.36	189.7	-104.2	85.5	262.5	5	0	0
11/10/2011 15:50	91919	589.1	22.14	24.59	1.181	1.719	8.1	177.2	-103.1	74.06	262.5	5	0	0
11/10/2011 15:55	91920	681.4	22.23	26.39	1.187	1.506	0.807	206.2	-103.1	103.2	262.6	5	0	0
11/10/2011 16:00	91921	509.2	22.31	24.48	0.622	0.894	2.112	146.1	-98.4	47.69	262.5	5	0	0
11/10/2011 16:05	91922	427.6	22.47	25.56	0.409	0.574	15.97	121.5	-98.6	22.89	262.4	5	0	0
11/10/2011 16:10	91923	369.7	22.29	25.88	0.867	1.213	21.78	103.8	-97	6.85	262.3	5	0	0
11/10/2011 16:15	91924	510.6	22.04	36.59	0.747	1.133	8.88	152.9	-98.5	54.45	262.6	5	0	0
11/10/2011 16:20	91925	680	22.57	24.95	0.816	1.053	18.24	211.8	-105.4	106.3	262.7	5	0	0
11/10/2011 16:25	91926	608.8	23.23	27.07	0.955	1.24	30.63	182.4	-105.8	76.67	262.7	5	0	0
11/10/2011 16:30	91927	285.8	23.19	26.85	0.518	1.08	6.752	73.7	-78.62	-4.915	262.4	5	0	0
11/10/2011 16:35	91928	303.4	22.74	27.9	0.814	1.16	0.356	81.6	-94	-12.43	262.6	5	0	0
11/10/2011 16:40	91929	281.6	22.07	26.6	1.392	1.746	3.703	76.18	-90.8	-14.67	262.7	5	0	0
11/10/2011 16:45	91930	203	21.8	26.7	1.243	1.666	5.198	52.75	-85.6	-32.84	262.6	5	0	0
11/10/2011 16:50	91931	189.5	21.64	30.35	0.675	1.027	9.95	48.52	-78.23	-29.71	262.5	5	0	0
11/10/2011 16:55	91932	195.7	21.3	32.78	0.654	0.761	10.48	51.42	-82.5	-31.07	262.6	5	0	0
11/10/2011 17:00	91933	188.4	21	29.26	0.763	1	9.9	49.72	-81.6	-31.88	262.8	5	0	0
11/10/2011 17:05	91934	179.3	21.05	30.14	0.686	0.814	11.27	47.5	-79.26	-31.76	262.9	5	0	0
11/10/2011 17:10	91935	166.7	20.9	32.04	0.689	0.761	11.62	43.97	-75.62	-31.65	262.9	5	0	0
11/10/2011 17:15	91936	147.9	20.69	31.25	0.806	0.867	8.17	38.56	-75.19	-36.64	262.9	5	0	0
11/10/2011 17:20	91937	130.6	20.73	31.13	0.729	0.867	9.71	33.64	-73.57	-39.93	263	5	0	0
11/10/2011 17:25	91938	110.4	20.68	30.39	0.734	0.814	10.97	27.2	-72.19	-44.99	263.1	5	0	0
11/10/2011 17:30	91939	99.8	20.61	32.1	0.878	0.92	12.49	24.76	-67.11	-42.35	263.3	5	0	0
11/10/2011 17:35	91940	84.8	20.06	38.2	1.176	1.48	15.57	20.32	-61.7	-41.38	263.3	5	0	0
11/10/2011 17:40	91941	65.43	19.57	39.3	1.107	1.267	12.53	14.45	-61.88	-47.43	263.3	5	0	0
11/10/2011 17:45	91942	52.77	19.37	42.56	1.93	2.944	12.96	11.05	-65.26	-54.21	263.3	5	0	0
11/10/2011 17:50	91943	48.51	19.18	42.71	2.273	2.891	9.12	10.42	-70.94	-60.52	263.3	5	0	0
11/10/2011 17:55	91944	42.34	19.02	46.32	1.442	1.959	16.2	6.982	-74.32	-67.33	263.3	5	0	0
11/10/2011 18:00	91945	26.75	18.4	48.69	1.884	2.359	12.29	2.888	-76.83	-73.94	263.3	5	0	0
11/10/2011 18:05	91946	18.13	18.14	47.51	2.457	3.317	10.42	1.147	-76.31	-75.17	263.4	5	0	0
11/10/2011 18:10	91947	10.73	18.18	49.1	1.996	2.572	17.2	-0.642	-76.06	-76.7	263.5	5	0	0
11/10/2011 18:15	91948	5.572	17.73	51.13	1.789	2.172	11.98	-2.286	-74.4	-76.69	263.5	5	0	0
11/10/2011 18:20	91949	2.489	17.51	51.92	1.613	2.145	12.79	-3.103	-69.96	-73.06	263.5	5	0	0
11/10/2011 18:25	91950	0.911	17.44	51.68	1.509	2.598	11.02	-3.503	-66.93	-70.43	263.6	5	0	0
11/10/2011 18:30	91951	0.267	17.38	52.6	1.115	1.693	15.58	-3.821	-66.06	-69.88	263.7	5	0	0
11/10/2011 18:35	91952	0.075	17.16	53.93	0.888	1.506	14.15	-3.945	-65.9	-69.84	263.7	5	0	0
11/10/2011 18:40	91953	0	16.92	54.47	0.742	1.027	22.57	-4.171	-63.62	-67.79	263.7	5	0	0
11/10/2011 18:45	91954	0	16.61	55.27	0.816	1.16	20.47	-3.975	-62.25	-66.23	264	5	0	0
11/10/2011 18:50	91955	0	16.22	56.48	0.245	0.414	25.54	-4.301	-62.44	-66.74	264.1	5	0	0
11/10/2011 18:55	91956	0	15.94	58.26	1.061	1.426	21.3	-3.859	-62.3	-66.16	264.3	5	0	0
11/10/2011 19:00	91957	0	15.65	59.36	1.003	1.426	13.42	-3.529	-63.13	-66.66	264.5	5	0	0
11/10/2011 19:05	91958	0	15.99	56.59	1.314	2.412	17.21	-2.852	-66.07	-68.92	264.5	5	0	0
11/10/2011 19:10	91959	0	16.28	56.02	1.493	2.039	14.56	-2.863	-69.15	-72.02	264.4	5	0	0
11/10/2011 19:15	91960	0	16.31	55.89	1.36	1.666	14.75	-3.146	-69.91	-73.05	264.4	5	0	0
11/10/2011 19:20	91961	0	16.16	56.86	1.029	1.48	11.87	-3.746	-68.81	-72.56	264.4	5	0	0
11/10/2011 19:25	91962	0	15.78	57.68	0.689	0.84	14.11	-4.244	-65.53	-69.77	264.4	5	0	0
11/10/2011 19:30	91963	0	15.69	57.76	0.561	0.654	11.5	-3.869	-63.54	-67.41	264.4	5	0	0
11/10/2011 19:35	91964	0	15.6	57.59	0.582	0.92	15.37	-3.699	-62.48	-66.18	264.4	5	0	0
11/10/2011 19:40	91965	0	15.51	58.18	0.646	0.761	12.91	-3.289	-61.79	-65.08	264.6	5	0	0
11/10/2011 19:45	91966	0	15.45	59.83	0.758	0.894	11.59	-2.906	-61.2	-64.11	264.6	5	0	0
11/10/2011 19:50	91967	0	14.97	61.15	0.422	0.761	9.35	-3.492	-61.17	-64.67	264.9	5	0	0
11/10/2011 19:55	91968	0.017	14.97	59.58	0.515	0.814	9.75	-3.339	-60.11	-63.45	264.9	5	0	0
11/10/2011 20:00	91969	0.008	15.12	58.96	0.654	0.707	12.96	-3.306	-58.76	-62.06	264.8	5	0	0
11/10/2011 20:05	91970	0.008	15.17	59.42	0.51	0.601	14.12	-2.903	-58.54	-61.44	264.9	5	0	0
11/10/2011 20:10	91971	0	15.12	59.69	0.856	0.92	15.24	-2.699	-58.3	-61	265.3	5	0	0
11/10/2011 20:15	91972	0.017	14.67	62.78	0.958	1.107	17.04	-3.142	-59.36	-62.5	265.7	5	0	0
11/10/2011 20:20	91973	0	14.07	67.7	1.061	1.213	16.88	-3.158	-61.07	-64.23	265.7	5	0	0
11/10/2011 20:25	91974	0.025	13.76	67.58	0.635	0.761	12.1	-3.332	-58.18	-61.51	265.9	5	0	0
11/10/2011 20:30	91975	0	13.65	68.12	0.651	0.814	15.31	-2.825	-53.98	-56.8	266.3	5	0	0
11/10/2011 20:35	91976	0.008	13.64	68.39	0.808	0.974	13.74	-2.47	-50.7	-53.17	266.4	5	0	0
11/10/2011 20:40	91977	0.017	13.5	68.47	0.63	0.947	18.51	-2.776	-50.62	-53.39	266.7	5	0	0
11/10/2011 20:45	91978	0.008	12.94	71.75	1.176	1.373	16.97	-3.082	-53.99	-57.08	267.3	5	0	0
11/10/2011 20:50	91979	0	12.58	73.53	0.995	1.213	15.38	-2.94	-57.15	-60.09	267.4	5	0	0
11/10/2011 20:55	91980	0.025	12.39	74.45	0.517	0.787	19.84	-3.509	-56.69	-60.2	267.3	5	0	0
11/10/2011 21:00	91981	0	12.14	76.22	0.335	0.574	21.32	-3.706	-55.04	-58.74	267.7	5	0	0
11/10/2011 21:05	91982	0.008	11.95	77.98	0.541	0.867	24.4	-3.481	-54.13	-57.61	267.8	5	0	0
11/10/2011 21:10	91983	0	11.63	78.23	0.289	0.414	28.28	-3.24	-54.09	-57.33	267.8	5	0	0
11/10/2011 21:15	91984	0	11.48	78.47	0	0	24.82	-3.176	-54.63	-57.81	267.8	5	0	0
11/10/2011 21:20	91985	0	11.53	77.73	0.421	0.547	21.31	-2.986	-54.79	-57.77	268.1	5	0	0
11/10/2011 21:25	91986	0.008	11.68	76.63	0.031	0.308	11.49	-3.027	-55.78	-58.81	268.1	5	0	0
11/10/2011 21:30	91987	0	11.63	76.57	0	0	11.3	-3.064	-56.63	-59.7	267.9	5	0	0
11/10/2011 21:35	91988	0	11.54	77.11	0.062	0.308	18.27	-3.175	-55.99	-59.17	267.9	5	0	0
11/10/2011 21:40	91989	0	11.46	77.64	0	0	23.15	-3.289	-56.38	-59.67	268	5	0	0
11/10/2011 21:45	91990	0	11.27	79.43	0.172	0.627	22.32	-3.374	-56.34	-59.71	268.3	5	0	0
11/10/2011 21:50	91991	0	11.19	80.3	0.638	0.814	21.54	-3.149	-56.45	-59.6	269.3	5	0	0
11/10/2011 21:55	91992	0	11.04	81.5	0.718	0.84	23.32	-3.186	-56.73	-59.92	270.7	5	0	0
11/10/2011 22:00	91993	0	10.95	81.7	0.521	0.627	20.66	-3.157	-56.69	-59.85	272.4	5	0	0
11/10/2011 22:05	91994	0	10.98	81.3	0.473	0.574	22.67	-3.325	-56.77	-60.1	274.7	1	4	0
11/10/2011 22:10	91995	0.008	10.97	81.3	0.595	0.761	25.02	-3.219	-56.73	-59.95	277.1	0	5	0
11/10/2011 22:15	91996	0	10.87	81.8	0.103	0.414	0.273	-3.381	-57.04	-60.42	279.5	0	5	0
11/10/2011 22:20	91997	0	10.81	81.7	0	0	27.04	-3.047	-56.62	-59.66	281.9	0	5	0
11/10/2011 22:25	91998	0	10.87	81.2	0	0	26.99	-2.844	-56.75	-59.59	284.1	0	2	3
11/10/2011 22:30	91999	0.017	10.92	80.8	0	0	26.56	-2.91	-56.05	-58.96	285.6	0	0	5
11/10/2011 22:35	92000	0.008	11	80.5	0	0	21.26	-2.998	-55.74	-58.74	287.1	0	0	5
11/10/2011 22:40	92001	-0.008	11.08	81	0.544	0.787	0.309	-2.786	-55.32	-58.1	288.7	0	0	5
11/10/2011 22:45	92002	-0.008	11.18	81	0.425	0.707	21.83	-2.804	-55.74	-58.54	289.9	0	0	5
11/10/2011 22:50	92003	0	11.25	80.7	0.63	0.92	23.81	-2.918	-54.65	-57.57	291.2	0	0	5
11/10/2011 22:55	92004	-0.008	11.32	80.1	0.403	0.654	22.49	-2.967	-52.31	-55.27	292.9	0	0	5
11/10/2011 23:00	92005	-0.008	11.19	80.4	0	0	21.78	-3.003	-47.04	-50.05	293.9	0	0	5
11/10/2011 23:05	92006	0	11.02	80.5	0	0	21.16	-2.653	-42.4	-45.05	294.7	0	0	5
11/10/2011 23:10	92007	0	10.86	82.1	0	0	16.5	-2.091	-32.74	-34.84	295.1	0	0	5
11/10/2011 23:15	92008	0	10.79	83.1	0	0	12.45	-2.098	-37.53	-39.63	296	0	0	5
11/10/2011 23:20	92009	0	10.6	84	0	0	25.36	-2.256	-40.69	-42.94	297.5	0	0	5
11/10/2011 23:25	92010	-0.017	10.49	84.5	0	0	23.34	-2.327	-45.05	-47.38	299.2	0	0	5
11/10/2011 23:30	92011	-0.025	10.4	84.9	0.246	0.494	19.94	-2.545	-48.25	-50.79	300.9	0	0	5
11/10/2011 23:35	92012	-0.008	10.48	84.6	0.072	0.388	14.08	-2.424	-49.06	-51.48	302.1	0	0	5
11/10/2011 23:40	92013	0.008	10.62	84.2	0.111	0.441	2.008	-2.38	-52.42	-54.8	302.2	0	0	5
11/10/2011 23:45	92014	0.033	10.77	83.1	0	0	11.44	-2.671	-56.15	-58.83	301.6	0	0	5
11/10/2011 23:50	92015	0	10.87	82.4	0.378	0.894	2.531	-2.908	-58.2	-61.11	301.3	0	0	5
11/10/2011 23:55	92016	-0.025	11.01	82.1	0.715	0.867	2.258	-2.739	-57.77	-60.51	300.8	0	0	5
12/10/2011 0:00	92017	0	10.89	82.5	0.036	0.361	3.993	-3.479	-58.52	-62	302.1	0	0	5
12/10/2011 0:05	92018	-0.017	10.83	82.7	0.474	0.627	3.363	-2.983	-55.83	-58.81	304.1	0	0	5
12/10/2011 0:10	92019	0	10.66	82.7	0	0	8.16	-3.474	-55.56	-59.03	306	0	0	5
12/10/2011 0:15	92020	0	10.16	84.2	0	0	19.59	-3.426	-54.98	-58.41	308	0	0	5
12/10/2011 0:20	92021	0.017	9.86	85.4	0	0	16.85	-3.438	-53.75	-57.19	310.1	0	0	5
12/10/2011 0:25	92022	-0.008	9.76	87	0.031	0.308	0.285	-2.767	-52.14	-54.9	312.5	0	0	5
12/10/2011 0:30	92023	0	9.91	88.1	0.293	0.547	0.511	-2.071	-49.31	-51.38	315.5	0	0	5
12/10/2011 0:35	92024	0	10.14	87.2	0.327	0.547	0.309	-2.094	-45.6	-47.69	318.6	0	0	5
12/10/2011 0:40	92025	0	10.07	87.2	0.16	0.441	0.19	-2.779	-43.91	-46.69	322.4	0	0	5
12/10/2011 0:45	92026	0.008	9.96	87.5	0.502	0.627	23.74	-2.817	-41.89	-44.7	325.9	0	0	5
12/10/2011 0:50	92027	0	9.97	87.8	0.776	0.974	0.618	-2.771	-40.29	-43.07	328.9	0	0	5
12/10/2011 0:55	92028	-0.025	9.92	88.4	0.529	0.601	0.511	-2.543	-38.7	-41.24	332.9	0	0	5
12/10/2011 1:00	92029	-0.017	9.95	88	0.832	0.974	23.24	-2.735	-37.73	-40.47	336.8	0	0	5
12/10/2011 1:05	92030	0.008	9.99	87.7	0.545	0.84	22.33	-3.256	-37.49	-40.75	340.6	0	0	5
12/10/2011 1:10	92031	-0.008	9.95	87.6	0.478	0.574	18.03	-3.406	-37.06	-40.46	344.8	0	0	5
12/10/2011 1:15	92032	-0.008	9.84	87.3	0.412	0.468	16.09	-3.761	-37.1	-40.86	348.1	0	0	5
12/10/2011 1:20	92033	0	9.63	87.8	0.031	0.308	1.07	-3.588	-36.14	-39.73	352.7	0	0	5
12/10/2011 1:25	92034	0	9.46	88.4	0.166	0.521	5.716	-3.19	-35.15	-38.34	357.5	0	0	5
12/10/2011 1:30	92035	0	9.43	88.9	0.531	0.654	4.457	-2.94	-34	-36.94	362.8	0	0	5
12/10/2011 1:35	92036	0	9.51	88.7	0.454	0.494	3.292	-3.056	-33.38	-36.44	369	0	0	5
12/10/2011 1:40	92037	0	9.57	88.4	0.182	0.574	3.304	-3.026	-32.87	-35.89	375.1	0	0	5
12/10/2011 1:45	92038	0	9.61	88.1	0.779	0.867	5.312	-3.006	-31.91	-34.92	380.6	0	0	5
12/10/2011 1:50	92039	0	9.56	88.4	0.846	0.92	4.54	-3.141	-31.9	-35.04	385.8	0	0	5
12/10/2011 1:55	92040	0	9.54	88.2	0.79	0.84	5.253	-3.322	-31.77	-35.09	389.6	0	0	5
12/10/2011 2:00	92041	0	9.43	88.3	0.638	0.761	8.34	-3.549	-30.95	-34.5	395.1	0	0	5
12/10/2011 2:05	92042	0.017	8.99	88.6	0.643	0.761	12.63	-3.691	-31.15	-34.84	400.9	0	0	5
12/10/2011 2:10	92043	-0.017	8.56	89.5	0.292	0.707	8.39	-3.753	-31.02	-34.77	405.3	0	0	5
12/10/2011 2:15	92044	0	8.35	90.9	0.41	0.681	6.287	-3.269	-28.56	-31.82	409.5	0	0	5
12/10/2011 2:20	92045	0	8.43	91.5	0.558	0.627	8.41	-3.106	-26.79	-29.89	413.9	0	0	5
12/10/2011 2:25	92046	0.008	8.34	91.4	0.2	0.574	9.6	-3.237	-26.14	-29.37	418	0	0	5
12/10/2011 2:30	92047	0	8.14	91.7	0.031	0.308	12.75	-3.316	-25.24	-28.56	421.8	0	0	5
12/10/2011 2:35	92048	0	8.03	92.3	0.319	0.734	5.859	-2.9	-24.19	-27.09	424.9	0	0	5
12/10/2011 2:40	92049	0	8.14	92.7	0.787	0.84	4.884	-2.532	-22.74	-25.27	429	0	0	5
12/10/2011 2:45	92050	0	8.23	92.9	0.579	0.761	8.34	-2.849	-22.35	-25.2	433.3	0	0	5
12/10/2011 2:50	92051	0	8.1	92.7	0.419	0.627	16	-3.132	-22.39	-25.52	437.8	0	0	5
12/10/2011 2:55	92052	0	7.901	93.1	0.531	0.654	8.77	-3.073	-21.8	-24.87	441	0	0	5
12/10/2011 3:00	92053	0	7.871	93.5	0.468	0.627	9.5	-2.876	-21.23	-24.1	444.6	0	0	5
12/10/2011 3:05	92054	-0.008	7.85	93.8	0.761	1.213	14.58	-2.602	-20.4	-23	448.7	0	0	5
12/10/2011 3:10	92055	0	7.818	93.5	0.694	1.267	8.36	-2.535	-19.95	-22.48	452.1	0	0	5
12/10/2011 3:15	92056	0.008	7.519	94	0.387	0.92	6.679	-2.673	-17.45	-20.13	455.3	0	0	5
12/10/2011 3:20	92057	0	7.721	94.6	0.867	0.947	6.311	-1.437	-11.04	-12.48	457.9	0	0	5
12/10/2011 3:25	92058	0	7.831	94	0.451	0.894	18.8	-1.268	-7.72	-8.99	460.1	0	0	5
12/10/2011 3:30	92059	-0.008	7.627	94.2	0.622	0.787	14.9	-1.264	-9.29	-10.55	460.9	0	0	5
12/10/2011 3:35	92060	0.008	7.609	94.4	0.191	0.494	8.63	-1.887	-13.68	-15.57	461.5	0	0	5
12/10/2011 3:40	92061	0	7.795	94.9	0.654	0.787	8.36	-1.996	-15.33	-17.33	462.4	0	0	5
12/10/2011 3:45	92062	0.008	7.899	94.5	0.561	0.761	15.58	-2.485	-17.79	-20.28	464.1	0	0	5
12/10/2011 3:50	92063	0.008	7.738	94.6	0.686	0.814	14.18	-2.767	-19.33	-22.09	466.3	0	0	5
12/10/2011 3:55	92064	0	7.608	94.5	0.403	0.787	12.6	-3.142	-20.18	-23.32	468.2	0	0	5
12/10/2011 4:00	92065	0.008	7.5	95.1	0.278	0.627	6.394	-3.261	-20.57	-23.84	470.1	0	0	5
12/10/2011 4:05	92066	0.017	7.649	95	0.529	0.734	8.14	-3.273	-20	-23.27	472.7	0	0	5
12/10/2011 4:10	92067	-0.017	7.668	95	0.374	0.521	10.68	-3.346	-19.55	-22.89	474.2	0	0	5
12/10/2011 4:15	92068	0	7.519	95	0.067	0.361	9.78	-3.39	-19.27	-22.66	477.6	0	0	5
12/10/2011 4:20	92069	0.017	7.478	95.1	0.031	0.308	7.119	-3.184	-18.74	-21.93	480.4	0	0	5
12/10/2011 4:25	92070	0	7.511	95.5	0.758	0.84	4.433	-2.72	-17.74	-20.46	483.6	0	0	5
12/10/2011 4:30	92071	0	7.733	95.3	0.559	0.787	9.22	-2.822	-17.64	-20.46	487	0	0	5
12/10/2011 4:35	92072	0.017	7.464	94.9	0.299	0.574	14.1	-3.339	-18.27	-21.61	490.1	0	0	5
12/10/2011 4:40	92073	0	7.323	95.1	0.521	0.601	14.75	-3.499	-17.59	-21.09	492.8	0	0	5
12/10/2011 4:45	92074	0	7.165	95	0.787	0.894	16.93	-3.096	-17.01	-20.11	495.4	0	0	5
12/10/2011 4:50	92075	-0.008	6.997	95.2	0.675	0.734	15.15	-3.172	-16.67	-19.85	497.9	0	0	5
12/10/2011 4:55	92076	0.008	6.663	94.9	0.569	0.654	18.49	-3.537	-16.76	-20.3	500.6	0	0	5
12/10/2011 5:00	92077	0.05	6.292	95.4	0.349	0.681	24.33	-3.545	-16.56	-20.11	500.6	0	0	5
12/10/2011 5:05	92078	0.226	6.395	95.8	0.567	0.947	6.264	-3.093	-16.42	-19.51	500	0	0	5
12/10/2011 5:10	92079	0.769	6.552	96.1	0.657	0.92	7.536	-2.774	-16.12	-18.89	501.4	0	0	5
12/10/2011 5:15	92080	2.133	6.649	96.1	0.031	0.308	4.065	-2.642	-16.12	-18.76	504	0	0	5
12/10/2011 5:20	92081	5.152	6.666	95.9	0.49	0.92	13.34	-1.746	-16.27	-18.01	505.7	0	0	5
12/10/2011 5:25	92082	10.29	6.599	95.9	0.609	0.894	8.32	-0.511	-16.54	-17.05	507.9	0	0	5
12/10/2011 5:30	92083	18.04	6.221	96.2	0.606	0.894	1.712	1.544	-16.54	-14.99	510.7	0	0	5
12/10/2011 5:35	92084	27.78	6.606	96.7	0.29	0.601	1.724	4.012	-15.6	-11.59	512.1	0	0	5
12/10/2011 5:40	92085	38.5	6.81	96.5	0.387	0.547	3.138	6.422	-15.61	-9.19	511.7	0	0	5
12/10/2011 5:45	92086	49.38	6.768	96.3	0.39	0.627	7.786	8.04	-15.48	-7.442	494.9	0	0	5
12/10/2011 5:50	92087	61.45	6.864	96.3	0.675	0.84	4.897	11.55	-15.35	-3.798	468.5	0	0	5
12/10/2011 5:55	92088	79.93	7.103	96.5	0.582	0.787	1.902	18.12	-13.22	4.905	466.9	0	0	5
12/10/2011 6:00	92089	111.6	7.285	96.2	0	0	3.091	30.52	-11.34	19.18	464.9	0	0	5
12/10/2011 6:05	92090	152.3	7.404	96	0	0	5.789	45.3	-11.76	33.54	461	0	0	5
12/10/2011 6:10	92091	215.7	7.861	96.2	0	0	5.991	69.98	-11.82	58.15	448.2	0	0	5
12/10/2011 6:15	92092	255.6	8.3	95.6	0	0	0.036	73.65	-12.97	60.68	419.6	0	0	5
12/10/2011 6:20	92093	291	8.27	95.1	0	0	23.05	75.46	-14.63	60.83	388.1	0	0	5
12/10/2011 6:25	92094	325	8.42	95.2	0.358	0.547	30.86	80.2	-15.87	64.34	359.6	0	0	5
12/10/2011 6:30	92095	359.1	8.77	95.4	0.345	0.521	0.487	88.5	-16.22	72.32	340.6	0	0	5
12/10/2011 6:35	92096	395.1	9.56	95.5	0	0	11.56	100.4	-16.37	84	322.7	0	0	5
12/10/2011 6:40	92097	431.1	10.36	95	0	0	19.12	113.7	-16.84	96.9	303.4	0	0	5
12/10/2011 6:45	92098	466.1	10.64	94.1	0.103	0.361	22.45	125.3	-18.33	107	284.8	0	2.5	2.5
12/10/2011 6:50	92099	499.5	10.79	92.7	0.43	0.92	28.95	134.4	-20.95	113.4	271.1	4	1	0
12/10/2011 6:55	92100	531.7	10.75	91.2	0.859	1.16	27.7	144.1	-23.71	120.4	266.9	5	0	0
12/10/2011 7:00	92101	565.1	10.7	89.2	1.245	1.56	29.35	153.7	-31.17	122.6	266	5	0	0
12/10/2011 7:05	92102	601.4	10.98	86.9	1.362	1.639	29.12	164.2	-46.01	118.2	265.6	5	0	0
12/10/2011 7:10	92103	638.7	11.24	82.7	1.008	1.24	28.56	174.9	-70.83	104	265.6	5	0	0
12/10/2011 7:15	92104	675.6	11.74	78.36	0.824	1.32	18.97	186.8	-93.1	93.7	265.3	5	0	0
12/10/2011 7:20	92105	713	12.15	74.89	0.955	1.293	31.34	199.2	-100.1	99.1	265.1	5	0	0
12/10/2011 7:25	92106	750.5	12.31	74.29	0.896	1.453	28.49	212.5	-100.9	111.6	265	5	0	0
12/10/2011 7:30	92107	776	12.7	74.83	0.798	1.16	31.65	223.8	-102.4	121.5	264.8	5	0	0
12/10/2011 7:35	92108	807	13.07	72.31	0.643	0.867	29.35	238.8	-103.4	135.4	264.4	5	0	0
12/10/2011 7:40	92109	863	13.32	70.12	0.931	1.346	31.25	260.7	-104.8	155.9	264.1	5	0	0
12/10/2011 7:45	92110	900	13.44	67.68	1.053	1.586	27.18	275.3	-107	168.3	264	5	0	0
12/10/2011 7:50	92111	936	13.66	65.54	0.862	1.213	30.28	286.9	-107.7	179.3	264.1	5	0	0
12/10/2011 7:55	92112	972	14.06	64.43	1.083	1.32	36.56	298.3	-109.5	188.9	264	5	0	0
12/10/2011 8:00	92113	1008	14.42	62.38	0.85	1.32	37.76	307.3	-110.5	196.8	264.1	5	0	0
12/10/2011 8:05	92114	1045	14.53	61.47	0.904	1.373	6.662	317.1	-111.9	205.2	263.5	5	0	0
12/10/2011 8:10	92115	1080	14.84	60.3	0.673	1.08	12.49	327	-112.8	214.1	263.4	5	0	0
12/10/2011 8:15	92116	1115	15.05	57.24	1.085	1.666	8.16	339.4	-114.8	224.7	263.3	5	0	0
12/10/2011 8:20	92117	1148	15.16	58.06	0.966	1.32	11.41	351.4	-115.9	235.5	263.7	5	0	0
12/10/2011 8:25	92118	1182	15.05	55.78	1.304	1.48	9.63	362.6	-118.3	244.3	263	5	0	0
12/10/2011 8:30	92119	1216	15.07	55.95	1.448	1.746	4.536	373.3	-119	254.2	263.1	5	0	0
12/10/2011 8:35	92120	1248	15.53	56.93	1.426	1.773	6.376	385	-120	265	263.3	5	0	0
12/10/2011 8:40	92121	1280	15.71	56.13	1.325	2.039	16.87	395.2	-121.3	273.9	263.4	5	0	0
12/10/2011 8:45	92122	1311	15.84	52.38	1.325	1.773	11.39	405.2	-122.7	282.5	263.1	5	0	0
12/10/2011 8:50	92123	1342	15.88	51.6	1.663	2.332	13.75	415.8	-123.9	291.8	263.1	5	0	0
12/10/2011 8:55	92124	1371	16.07	50.02	1.642	2.385	17.65	426	-124.7	301.3	263.2	5	0	0
12/10/2011 9:00	92125	1401	16.36	50.76	1.424	1.932	10.79	435.9	-126.7	309.2	263.2	5	0	0
12/10/2011 9:05	92126	1428	16.52	48.3	2.14	3.344	12.55	444.8	-126.9	317.9	262.9	5	0	0
12/10/2011 9:10	92127	1458	16.67	48.41	1.951	2.625	9.62	456	-128	327.9	262.9	5	0	0
12/10/2011 9:15	92128	1485	16.84	48.99	1.908	3.237	23.65	464.4	-129.8	334.6	263.3	5	0	0
12/10/2011 9:20	92129	1512	17.23	47.77	1.892	2.971	18.29	474.6	-130.5	344.1	263	5	0	0
12/10/2011 9:25	92130	1540	17.33	44.97	1.187	2.172	10.87	482.9	-132.5	350.3	262.9	5	0	0
12/10/2011 9:30	92131	1564	17.23	48.68	1.57	2.305	15.36	490.8	-134.5	356.4	262.7	5	0	0
12/10/2011 9:35	92132	1592	17.43	44.6	1.586	2.305	16.68	501.3	-136.9	364.4	262.7	5	0	0
12/10/2011 9:40	92133	1611	17.59	44.65	1.432	2.625	21.7	507.3	-138	369.4	262.9	5	0	0
12/10/2011 9:45	92134	1631	17.95	42.63	1.085	1.852	4.261	513.2	-139.1	374.1	262.7	5	0	0
12/10/2011 9:50	92135	1654	18.2	44.02	1.184	2.012	16.14	519.5	-139.4	380.1	262.7	5	0	0
12/10/2011 9:55	92136	1676	17.8	41.37	1.541	2.225	22.56	528.3	-141.3	387.1	262.5	5	0	0
12/10/2011 10:00	92137	1696	17.78	50.98	1.85	2.518	35.74	535.2	-141.3	393.9	262.8	5	0	0
12/10/2011 10:05	92138	1717	17.89	40.79	1.818	2.518	15.55	543.6	-141.7	401.9	262.4	5	0	0
12/10/2011 10:10	92139	1735	17.93	40.08	1.429	2.332	29.64	549	-143.5	405.5	262.7	5	0	0
12/10/2011 10:15	92140	1753	18.05	38.14	1.416	1.986	19.01	555.5	-137.7	417.8	262.1	5	0	0
12/10/2011 10:20	92141	1774	18.59	37.31	0.792	1.426	18.28	561.5	-144.5	416.9	262.6	5	0	0
12/10/2011 10:25	92142	1789	18.61	38.21	1.914	2.811	14.76	567.7	-145.9	421.8	262	5	0	0
12/10/2011 10:30	92143	1802	18.44	37.21	1.533	2.252	7.987	572.7	-147	425.7	262.5	5	0	0
12/10/2011 10:35	92144	1815	18.51	34.26	1.623	2.225	18.35	577.5	-146.6	430.9	262	5	0	0
12/10/2011 10:40	92145	1830	18.67	42.38	1.221	1.906	7.133	582	-147.8	434.2	262.3	5	0	0
12/10/2011 10:45	92146	1843	19.32	35.11	1.181	1.506	0.605	585.1	-149	436.2	262.6	5	0	0
12/10/2011 10:50	92147	1853	19.28	34.87	1.072	2.092	13.42	588.7	-149.1	439.6	262.3	5	0	0
12/10/2011 10:55	92148	1863	19.54	41.25	1.192	1.773	2.302	592	-149.6	442.4	262.2	5	0	0
12/10/2011 11:00	92149	1874	19.59	34.39	1.868	2.811	1.056	596.1	-148.9	447.2	262.3	5	0	0
12/10/2011 11:05	92150	1880	19.56	34.86	1.357	1.986	0.605	599.4	-148.2	451.2	262.4	5	0	0
12/10/2011 11:10	92151	1884	19.35	41.61	1.73	2.359	0.783	600	-148.6	451.4	262.3	5	0	0
12/10/2011 11:15	92152	1890	19.33	38.07	2.119	2.811	0.297	602.2	-146.6	455.6	262.3	5	0	0
12/10/2011 11:20	92153	1894	19.61	36.59	1.876	2.252	5.483	604.1	-147.6	456.4	262.3	5	0	0
12/10/2011 11:25	92154	1905	19.78	37.89	2.026	2.758	12.94	609.8	-149.6	460.2	262.2	5	0	0
12/10/2011 11:30	92155	1909	19.77	34.88	1.916	2.971	3.501	611.1	-149.1	462	262.3	5	0	0
12/10/2011 11:35	92156	1909	19.71	37.04	1.661	2.785	5.162	611	-150	461	262.5	5	0	0
12/10/2011 11:40	92157	1910	20.41	36.09	0.902	1.639	0.475	611.4	-151.1	460.3	262.6	5	0	0
12/10/2011 11:45	92158	1913	20.45	39.77	1.421	2.012	0.297	609.9	-151.6	458.2	262.4	5	0	0
12/10/2011 11:50	92159	1908	20.44	37.72	1.621	2.039	0.38	607.8	-151.4	456.4	262.3	5	0	0
12/10/2011 11:55	92160	1900	20.15	40.68	1.828	2.678	26.26	606.2	-150.3	455.9	262.4	5	0	0
12/10/2011 12:00	92161	1905	20.57	39.63	1.381	2.012	25.34	609.3	-150.7	458.6	262.5	5	0	0
12/10/2011 12:05	92162	1902	20.8	30.49	1.884	2.758	18.9	608.6	-152.1	456.5	262.2	5	0	0
12/10/2011 12:10	92163	1898	20.26	32.35	1.964	2.758	30.3	606.9	-151.2	455.8	262.1	5	0	0
12/10/2011 12:15	92164	1891	20.52	32.64	1.085	1.639	3.726	605.7	-151.6	454.1	262.4	5	0	0
12/10/2011 12:20	92165	1885	20.59	36.48	2.289	3.131	10.29	602.8	-149.3	453.5	262.1	5	0	0
12/10/2011 12:25	92166	1872	20.76	39.37	2.569	3.69	6.811	599.9	-148.2	451.7	262.5	5	0	0
12/10/2011 12:30	92167	1866	20.56	34.46	3.269	3.717	5.767	599	-144.5	454.5	262.5	5	0	0
12/10/2011 12:35	92168	1861	20.66	33.91	2.702	3.371	6.325	597.6	-146.1	451.5	262.6	5	0	0
12/10/2011 12:40	92169	1843	20.57	33.91	3.315	4.889	9.33	592	-143.8	448.1	262.5	5	0	0
12/10/2011 12:45	92170	1832	20.73	33.62	2.886	3.397	4.83	588.6	-144.6	444	262.7	5	0	0
12/10/2011 12:50	92171	1826	20.88	33.8	2.175	3.291	15.87	586.8	-147.3	439.5	262.7	5	0	0
12/10/2011 12:55	92172	1812	20.9	33.9	2.263	2.838	2.563	581.9	-147.3	434.5	262.6	5	0	0
12/10/2011 13:00	92173	1794	20.87	35.95	2.412	3.557	6.954	576.1	-146.5	429.6	262.6	5	0	0
12/10/2011 13:05	92174	1778	21.1	29.67	1.717	2.918	9.49	571.5	-148	423.6	262.8	5	0	0
12/10/2011 13:10	92175	1762	20.92	31.76	1.797	2.465	15.63	565.6	-148.9	416.6	262.5	5	0	0
12/10/2011 13:15	92176	1756	21.19	28.67	1.786	3.77	1.934	563.7	-148.1	415.6	262.5	5	0	0
12/10/2011 13:20	92177	1747	21.5	32.03	2.865	5.475	11.45	561.5	-143.3	418.1	262.6	5	0	0
12/10/2011 13:25	92178	1723	21.41	28.51	1.714	3.078	13.3	553.6	-146.8	406.8	262.6	5	0	0
12/10/2011 13:30	92179	1704	21.32	28.97	1.506	3.424	7.524	547	-145.6	401.4	262.7	5	0	0
12/10/2011 13:35	92180	1675	21.18	32.04	2.529	3.53	7.393	537.4	-144.3	393	262.7	5	0	0
12/10/2011 13:40	92181	1649	21.28	28.92	2.481	3.024	13.16	529.9	-142.4	387.5	262.8	5	0	0
12/10/2011 13:45	92182	1623	21.23	28.41	2.031	2.865	4.308	521.2	-142.7	378.5	262.7	5	0	0
12/10/2011 13:50	92183	1600	21.27	31.15	1.291	2.598	3.655	512.6	-141.8	370.7	262.7	5	0	0
12/10/2011 13:55	92184	1574	21.83	27.34	1.512	2.145	0.843	503.7	-142.5	361.2	262.7	5	0	0
12/10/2011 14:00	92185	1559	21.84	29.08	2.244	3.237	3.145	499	-140.9	358.1	262.6	5	0	0
12/10/2011 14:05	92186	1527	21.49	28.08	2.026	3.264	2.682	489.3	-138.6	350.7	262.6	5	0	0
12/10/2011 14:10	92187	1510	21.59	33.28	1.496	2.518	0.57	483	-139.3	343.7	262.6	5	0	0
12/10/2011 14:15	92188	1484	21.77	29.82	2.34	3.317	4.64	474.2	-136	338.2	262.7	5	0	0
12/10/2011 14:20	92189	1453	21.63	31.2	2.028	2.811	3.418	463.1	-135.3	327.8	262.6	5	0	0
12/10/2011 14:25	92190	1425	21.88	29.7	2.651	5.608	4.379	455.8	-132.9	322.9	262.8	5	0	0
12/10/2011 14:30	92191	1401	21.89	28.58	2.113	3.158	3.346	447.4	-134.3	313.2	262.8	5	0	0
12/10/2011 14:35	92192	1378	21.87	34.4	2.018	2.572	3.192	439.1	-133	306.1	262.8	5	0	0
12/10/2011 14:40	92193	1341	21.96	31.56	2.673	3.637	7.82	427.4	-131.4	296	262.8	5	0	0
12/10/2011 14:45	92194	1315	22.04	32.51	2.175	2.838	5.637	418.3	-129.5	288.8	262.8	5	0	0
12/10/2011 14:50	92195	1294	22.17	30.59	1.813	2.811	3.987	410.3	-128	282.3	262.7	5	0	0
12/10/2011 14:55	92196	1320	22.01	49.57	2.833	3.797	6.254	417.9	-115	302.9	263	5	0	0
12/10/2011 15:00	92197	834	21.32	49.88	2.841	4.835	4.153	256.5	-109.4	147.1	263.2	5	0	0
12/10/2011 15:05	92198	488.7	20.4	51.78	3.152	4.09	3.797	139.3	-95	44.38	263.2	5	0	0
12/10/2011 15:10	92199	1105	20.7	51.29	2.526	4.17	6.278	348.6	-107	241.6	263.6	5	0	0
12/10/2011 15:15	92200	661.6	20.44	54.16	3.099	4.622	8.81	195.7	-101.8	93.8	263.6	5	0	0
12/10/2011 15:20	92201	905	20.04	52.33	3.669	4.143	1.792	278	-101.9	176.1	263.7	5	0	0
12/10/2011 15:25	92202	1032	20.09	53.67	3.959	4.969	8.64	324.3	-103.8	220.5	263.7	5	0	0
12/10/2011 15:30	92203	1010	20.06	55.37	3.187	4.223	11.87	317	-103.3	213.7	263.8	5	0	0
12/10/2011 15:35	92204	920	20.31	56.03	2.67	3.317	9.36	287.1	-104.6	182.5	263.9	5	0	0
12/10/2011 15:40	92205	951	20.15	55.57	3.498	4.196	4.51	299	-100.8	198.2	263.9	5	0	0
12/10/2011 15:45	92206	968	19.96	58.09	3.56	5.341	4.759	305	-97.8	207.1	264	5	0	0
12/10/2011 15:50	92207	875	19.63	57	3.602	4.596	7.691	262.5	-87.8	174.8	264	5	0	0
12/10/2011 15:55	92208	734.6	19.36	59.3	3.288	4.702	5.625	226.2	-95.9	130.3	264	5	0	0
12/10/2011 16:00	92209	786.9	19.3	59.74	2.646	3.371	9.13	245.4	-96.2	149.2	264.2	5	0	0
12/10/2011 16:05	92210	745.3	19.49	59.57	2.715	3.53	6.694	230.6	-96.4	134.2	264.2	5	0	0
12/10/2011 16:10	92211	695.5	19.13	59.71	3.344	4.995	8.69	214	-96.3	117.7	264.2	5	0	0
12/10/2011 16:15	92212	658.1	19.07	60.09	2.742	3.743	6.765	202	-96.4	105.6	264.2	5	0	0
12/10/2011 16:20	92213	626.2	18.99	60.23	3.461	4.862	6.397	191.4	-94.6	96.9	264.3	5	0	0
12/10/2011 16:25	92214	580.9	18.83	61.82	3.046	4.463	10.17	177.7	-93.2	84.5	264.3	5	0	0
12/10/2011 16:30	92215	539.6	18.96	59.57	2.137	3.051	5.282	164.2	-93.8	70.37	264.4	5	0	0
12/10/2011 16:35	92216	505.7	18.82	59.94	2.393	3.211	5.685	153.2	-92.5	60.69	264.4	5	0	0
12/10/2011 16:40	92217	458.7	18.73	61.87	2.271	3.051	5.602	139.4	-86.2	53.21	264.4	5	0	0
12/10/2011 16:45	92218	410.7	18.47	62.72	2.771	4.436	12.01	126.8	-79.06	47.75	264.4	5	0	0
12/10/2011 16:50	92219	235.4	18.12	65.63	2.042	2.678	12.53	63.03	-75.82	-12.79	264.5	5	0	0
12/10/2011 16:55	92220	219.9	17.74	67.56	2.646	3.877	29.88	60.92	-70.47	-9.55	264.6	5	0	0
12/10/2011 17:00	92221	149.2	17.54	67.68	2.052	2.705	15.5	37.44	-73.4	-35.96	264.7	5	0	0
12/10/2011 17:05	92222	134.2	17.31	68.7	1.983	2.811	17.37	31.73	-70.35	-38.62	264.9	5	0	0
12/10/2011 17:10	92223	133.8	17.14	69.58	1.786	2.438	8.02	33.24	-60.91	-27.66	264.9	5	0	0
12/10/2011 17:15	92224	97.9	16.98	69.86	1.972	2.705	29.87	23.25	-47.53	-24.28	264.9	5	0	0
12/10/2011 17:20	92225	80.7	16.84	70.39	1.964	2.678	24.69	18.31	-44.32	-26.01	265	5	0	0
12/10/2011 17:25	92226	74.95	16.7	70.77	1.916	2.811	13.62	16.87	-37.74	-20.88	265.1	5	0	0
12/10/2011 17:30	92227	68.72	16.61	71.25	2.047	2.598	19.08	15.6	-45.93	-30.34	265.1	5	0	0
12/10/2011 17:35	92228	61.06	16.53	71.88	1.472	1.852	12.93	12.86	-56.9	-44.04	265.2	5	0	0
12/10/2011 17:40	92229	53.72	16.36	72.78	1.605	2.572	9.44	10.51	-63.14	-52.63	265.3	5	0	0
12/10/2011 17:45	92230	46.54	16.21	72.84	1.69	2.279	10.97	8.74	-62.2	-53.46	265.4	5	0	0
12/10/2011 17:50	92231	39.67	16.1	73.18	1.626	2.119	10.83	7.136	-62.19	-55.05	265.5	5	0	0
12/10/2011 17:55	92232	31.56	16.04	73.1	1.663	2.252	12.19	5.135	-59.72	-54.59	265.6	5	0	0
12/10/2011 18:00	92233	23.33	16.02	72.86	1.647	2.092	21.5	3.246	-58.34	-55.1	265.6	5	0	0
12/10/2011 18:05	92234	16.22	15.93	72.81	1.634	2.252	27.4	1.328	-58.69	-57.37	265.7	5	0	0
12/10/2011 18:10	92235	10.24	15.87	72.94	1.56	2.279	14.69	-0.091	-57.61	-57.7	265.7	5	0	0
12/10/2011 18:15	92236	5.598	15.8	73.1	1.378	1.959	22.59	-1.364	-58.73	-60.1	265.7	5	0	0
12/10/2011 18:20	92237	2.523	15.75	73.31	1.309	1.719	25.92	-2.004	-58.19	-60.2	265.7	5	0	0
12/10/2011 18:25	92238	0.844	15.67	73.3	1.037	1.666	10.9	-2.167	-46.38	-48.54	265.8	5	0	0
12/10/2011 18:30	92239	0.217	15.64	73.57	0.944	1.213	17.12	-1.349	-27.49	-28.84	265.8	5	0	0
12/10/2011 18:35	92240	0.017	15.63	73.75	0.848	1.16	18.08	-1.028	-22.32	-23.35	265.8	5	0	0
12/10/2011 18:40	92241	0	15.63	73.73	0.867	1.133	17.85	-1.199	-23.97	-25.17	265.8	5	0	0
12/10/2011 18:45	92242	0	15.68	73.3	0.96	1.187	16.11	-1.06	-23.24	-24.3	265.8	5	0	0
12/10/2011 18:50	92243	0	15.72	73.34	0.766	1	12.71	-1.184	-23.73	-24.91	265.9	5	0	0
12/10/2011 18:55	92244	0	15.72	73.52	0.713	1.053	14.82	-1.134	-21.13	-22.26	265.9	5	0	0
12/10/2011 19:00	92245	0	15.71	73.41	0.595	0.947	16.16	-1.173	-21	-22.18	265.9	5	0	0
12/10/2011 19:05	92246	0	15.71	73.35	0.713	0.947	13.61	-1.084	-20.22	-21.31	265.9	5	0	0
12/10/2011 19:10	92247	0	15.72	73.4	0.643	0.814	16.51	-1.183	-20.28	-21.46	265.9	5	0	0
12/10/2011 19:15	92248	0	15.72	72.98	0.731	0.894	14.67	-1.074	-18.51	-19.59	265.9	5	0	0
12/10/2011 19:20	92249	0	15.75	73.51	0.795	1.24	16.29	-1.042	-19.78	-20.83	265.9	5	0	0
12/10/2011 19:25	92250	0	15.74	73.15	0.641	0.867	13.42	-1.361	-25.42	-26.78	265.9	5	0	0
12/10/2011 19:30	92251	0	15.72	73.5	0.46	0.521	14.95	-1.594	-25.67	-27.26	266	5	0	0
12/10/2011 19:35	92252	0	15.66	73.8	0.291	0.601	11.01	-1.431	-22.6	-24.03	266	5	0	0
12/10/2011 19:40	92253	0	15.61	73.83	0.446	0.601	19.68	-1.641	-28.39	-30.03	266	5	0	0
12/10/2011 19:45	92254	0	15.62	73.68	0.577	0.734	14.39	-1.284	-22.94	-24.22	266.1	5	0	0
12/10/2011 19:50	92255	0	15.6	73.74	0.491	0.787	16.89	-1.334	-26.03	-27.37	266.1	5	0	0
12/10/2011 19:55	92256	0	15.56	74.3	0.718	0.867	13.05	-1.585	-30.46	-32.05	266.2	5	0	0
12/10/2011 20:00	92257	0	15.5	74.27	0.545	0.707	16.13	-1.449	-27.04	-28.49	266.2	5	0	0
12/10/2011 20:05	92258	0	15.44	74.56	0.031	0.308	15.13	-1.693	-31.39	-33.08	266.2	5	0	0
12/10/2011 20:10	92259	0	15.38	74.32	0.379	1.053	14.92	-1.767	-29.21	-30.97	266.4	5	0	0
12/10/2011 20:15	92260	0	15.4	74.3	0.127	0.521	12.31	-1.476	-21.56	-23.04	266.4	5	0	0
12/10/2011 20:20	92261	0	15.37	74.54	0	0	12.93	-0.931	-16.93	-17.86	266.4	5	0	0
12/10/2011 20:25	92262	0	15.35	74.32	0.132	0.521	10.2	-0.842	-17.13	-17.97	266.4	5	0	0
12/10/2011 20:30	92263	0	15.34	75.24	0.188	0.441	11.69	-0.91	-15.47	-16.38	266.5	5	0	0
12/10/2011 20:35	92264	0	15.28	75.28	0.178	0.414	12.36	-0.951	-16.11	-17.06	266.6	5	0	0
12/10/2011 20:40	92265	0	15.28	75.63	0	0	14.13	-1.111	-16.2	-17.31	266.7	5	0	0
12/10/2011 20:45	92266	-0.008	15.24	75.83	0	0	12.78	-1.093	-16.66	-17.75	266.8	5	0	0
12/10/2011 20:50	92267	0	15.23	76.53	0.267	0.521	15.46	-1.034	-16.31	-17.35	266.8	5	0	0
12/10/2011 20:55	92268	0	15.11	75.92	0.601	0.787	15.35	-0.909	-16.3	-17.2	266.6	5	0	0
12/10/2011 21:00	92269	0	15.08	75.43	0.654	0.787	14.4	-0.831	-15	-15.83	266.5	5	0	0
12/10/2011 21:05	92270	0	15.11	74.99	0.29	0.521	14.08	-0.804	-14.52	-15.33	266.5	5	0	0
12/10/2011 21:10	92271	0	15.17	75.17	0.261	0.414	15.38	-0.806	-14.26	-15.06	266.5	5	0	0
12/10/2011 21:15	92272	0	15.19	75.07	0.406	0.521	15.6	-0.8	-14.3	-15.1	266.5	5	0	0
12/10/2011 21:20	92273	0	15.21	75.16	0.478	0.574	13.47	-0.765	-14.32	-15.09	266.5	5	0	0
12/10/2011 21:25	92274	0	15.17	75.8	0	0	12.4	-0.954	-14.62	-15.57	266.8	5	0	0
12/10/2011 21:30	92275	0	15.18	76.69	0.062	0.308	15.05	-1.033	-14.46	-15.49	266.9	5	0	0
12/10/2011 21:35	92276	0	15.14	76.58	0.481	0.547	13.6	-0.836	-14.17	-15.01	266.9	5	0	0
12/10/2011 21:40	92277	0	15.14	76.52	0.531	0.627	16.59	-0.757	-14.06	-14.82	266.9	5	0	0
12/10/2011 21:45	92278	0	15.15	76.55	0.409	0.494	14.13	-0.843	-14.13	-14.98	266.9	5	0	0
12/10/2011 21:50	92279	0.008	15.14	76	0.38	0.468	14.29	-0.86	-14.2	-15.06	267	5	0	0
12/10/2011 21:55	92280	0	15.2	76.72	0.43	0.494	15.62	-0.871	-14.12	-15	267.1	5	0	0
12/10/2011 22:00	92281	0	15.22	78.11	0.275	0.547	9.57	-1.031	-14.3	-15.33	267.5	5	0	0
12/10/2011 22:05	92282	0	15.09	77.97	0.244	0.601	15.78	-0.857	-14.35	-15.2	267.3	5	0	0
12/10/2011 22:10	92283	0	15.11	77.08	0.715	0.814	15.6	-0.718	-14.22	-14.94	267.1	5	0	0
12/10/2011 22:15	92284	0	15.16	77.12	0.545	0.627	20.45	-0.789	-14.08	-14.87	267	5	0	0
12/10/2011 22:20	92285	0	15.11	77.72	0.476	0.574	19.32	-0.91	-14.09	-15	267	5	0	0
12/10/2011 22:25	92286	0	15.04	78.83	0.47	0.574	21.15	-0.962	-14.09	-15.05	267.1	5	0	0
12/10/2011 22:30	92287	0	14.99	80.4	0.428	0.521	25.01	-1.054	-14.31	-15.37	267.3	5	0	0
12/10/2011 22:35	92288	0	14.85	81.1	0.529	0.627	21.95	-0.968	-14.17	-15.14	267.4	5	0	0
12/10/2011 22:40	92289	0	14.76	82.3	0.342	0.521	28.32	-1.027	-14	-15.03	267.5	5	0	0
12/10/2011 22:45	92290	0	14.69	83.6	0.323	0.787	34.82	-1.081	-14.06	-15.14	267.8	5	0	0
12/10/2011 22:50	92291	0	14.64	84.5	0	0	57.04	-1.21	-14.16	-15.37	268.2	5	0	0
12/10/2011 22:55	92292	0	14.54	84.8	0.835	1.08	59.34	-0.801	-13.56	-14.36	268.2	5	0	0
12/10/2011 23:00	92293	0	14.42	84.7	0.787	1.053	51.01	-0.772	-13.4	-14.17	268.2	5	0	0
12/10/2011 23:05	92294	-0.017	14.45	85.1	0.606	0.707	47.72	-0.925	-13.8	-14.73	268.3	5	0	0
12/10/2011 23:10	92295	-0.042	14.44	85.6	0.553	0.761	50.83	-0.939	-14.17	-15.11	268.3	5	0	0
12/10/2011 23:15	92296	-0.017	14.4	85	0.614	0.84	39.39	-0.807	-14.27	-15.08	268	5	0	0
12/10/2011 23:20	92297	0	14.4	83.8	0.689	0.894	55.8	-0.704	-14.2	-14.9	267.7	5	0	0
12/10/2011 23:25	92298	0	14.5	82.2	0.808	0.947	42.82	-0.73	-13.94	-14.67	267.7	5	0	0
12/10/2011 23:30	92299	-0.008	14.61	80.7	1.219	1.4	46.09	-0.716	-13.86	-14.58	267.6	5	0	0
12/10/2011 23:35	92300	0	14.71	80.3	0.966	1.293	47.49	-0.813	-14.19	-15	267.5	5	0	0
12/10/2011 23:40	92301	0	14.71	79.71	1.248	1.48	45.47	-0.748	-14.11	-14.86	267.5	5	0	0
12/10/2011 23:45	92302	0	14.75	79.44	1.109	1.453	46.33	-0.807	-14.16	-14.97	267.4	5	0	0
12/10/2011 23:50	92303	0	14.75	78.9	1.376	1.506	36.57	-0.727	-13.57	-14.3	267.4	5	0	0
12/10/2011 23:55	92304	0	14.77	78.82	1.373	1.666	39.86	-0.739	-13.01	-13.75	267.4	5	0	0
