TOA5	ROS_WS	CR3000	4909	CR3000.Std.11	CPU:weather_station_final.CR3	30238	Table05min							
TIMESTAMP	RECORD	PPFD_Avg	AirTC_Avg	RH	WS_ms_Avg	WS_ms_Max	WindDir	NetSW_Avg	NetLW_Avg	NetRad_Avg	LWmV_Avg	LWMDry_Tot	LWMCon_Tot	LWMWet_Tot
TS	RN	mV	Deg C	%	meters/second	meters/second	degrees	W/m^2	W/m^2	W/m^2	mV	Minutes	Minutes	Minutes
		Avg	Avg	Smp	Avg	Max	Smp	Avg	Avg	Avg	Avg	Tot	Tot	Tot
13/10/2011 0:00	92305	0	14.74	78.93	1.205	1.533	42.14	-0.828	-13.15	-13.98	267.5	5	0	0
13/10/2011 0:05	92306	0	14.69	79.76	0.952	1.187	41.27	-1.139	-13.83	-14.97	268	5	0	0
13/10/2011 0:10	92307	0	14.59	80.4	1.048	1.213	36.99	-1.055	-13.99	-15.05	267.7	5	0	0
13/10/2011 0:15	92308	0	14.51	80.9	0.859	1.107	34.9	-0.998	-14.44	-15.44	267.7	5	0	0
13/10/2011 0:20	92309	0	14.46	81	1.059	1.213	34.5	-0.966	-14.64	-15.61	268.2	5	0	0
13/10/2011 0:25	92310	0	14.46	81	0.974	1.32	36.04	-0.931	-14.95	-15.88	267.6	5	0	0
13/10/2011 0:30	92311	0	14.44	81.2	1.115	1.453	36.09	-0.892	-15.31	-16.2	267.5	5	0	0
13/10/2011 0:35	92312	0	14.39	81.4	1.173	1.453	35.63	-0.945	-15.54	-16.49	267.6	5	0	0
13/10/2011 0:40	92313	0	14.33	82	1.104	1.4	34.89	-0.968	-15.68	-16.64	267.7	5	0	0
13/10/2011 0:45	92314	0	14.27	82.5	0.848	1	38.22	-1.042	-15.95	-16.99	267.7	5	0	0
13/10/2011 0:50	92315	0	14.19	83.2	1.101	1.346	43.66	-0.993	-15.9	-16.89	267.9	5	0	0
13/10/2011 0:55	92316	0	14.14	83.7	1.429	1.746	42.25	-0.899	-15.84	-16.74	267.9	5	0	0
13/10/2011 1:00	92317	0	14.08	84.2	1.304	1.4	47.55	-0.934	-15.99	-16.93	267.9	5	0	0
13/10/2011 1:05	92318	0	14.05	84.5	1.152	1.32	43.15	-0.989	-16.12	-17.11	268	5	0	0
13/10/2011 1:10	92319	0	14	84.8	0.774	0.947	42.54	-1.083	-16.23	-17.32	268.1	5	0	0
13/10/2011 1:15	92320	0	13.96	85.1	0.691	0.947	33.25	-1.098	-16.34	-17.44	268.2	5	0	0
13/10/2011 1:20	92321	0	13.94	85.3	0.697	0.974	33.16	-1.075	-16.28	-17.36	268.2	5	0	0
13/10/2011 1:25	92322	0	13.91	85.5	0.819	1	35.64	-0.984	-16.09	-17.07	268.2	5	0	0
13/10/2011 1:30	92323	0	13.89	85.4	1.061	1.24	34.35	-0.88	-15.93	-16.81	268.1	5	0	0
13/10/2011 1:35	92324	0	13.93	85.4	1.133	1.32	32.74	-0.851	-15.88	-16.73	268	5	0	0
13/10/2011 1:40	92325	-0.017	13.94	85.4	1.075	1.24	34.07	-0.916	-15.97	-16.89	268.2	5	0	0
13/10/2011 1:45	92326	-0.017	13.91	85.2	0.966	1.453	40.74	-0.915	-16.03	-16.95	268.2	5	0	0
13/10/2011 1:50	92327	-0.008	13.93	84.8	1.003	1.267	46.09	-0.881	-15.99	-16.87	268.1	5	0	0
13/10/2011 1:55	92328	-0.008	13.95	84.7	0.619	0.787	53.66	-1.042	-16.15	-17.19	268.2	5	0	0
13/10/2011 2:00	92329	0	13.91	85.2	0.707	0.84	57.28	-1.051	-16.09	-17.14	268.3	5	0	0
13/10/2011 2:05	92330	0.008	13.81	85.7	0.792	1.107	0.475	-0.89	-14.13	-15.02	268.4	5	0	0
13/10/2011 2:10	92331	-0.033	13.8	85.3	1.213	1.586	0.843	-0.551	-11.71	-12.26	268.3	5	0	0
13/10/2011 2:15	92332	-0.042	13.92	86.2	1.493	1.746	0.333	-0.577	-11.42	-12	268.3	5	0	0
13/10/2011 2:20	92333	-0.067	13.97	86.1	1.144	1.373	50.94	-0.65	-12.98	-13.63	268.4	5	0	0
13/10/2011 2:25	92334	-0.025	13.97	86	0.88	1.213	48.21	-0.85	-14.84	-15.69	268.4	5	0	0
13/10/2011 2:30	92335	-0.008	13.92	86.2	0.558	0.627	42	-1.066	-15.38	-16.45	268.6	5	0	0
13/10/2011 2:35	92336	-0.033	13.86	86.6	0.667	0.787	41.66	-1.062	-15.39	-16.45	268.7	5	0	0
13/10/2011 2:40	92337	-0.05	13.8	86.8	0.675	0.814	40.72	-0.9	-13.45	-14.35	268.7	5	0	0
13/10/2011 2:45	92338	-0.058	13.75	87	0.827	0.92	37.82	-0.789	-12.26	-13.05	268.7	5	0	0
13/10/2011 2:50	92339	-0.033	13.73	87	0.864	1.053	39.06	-0.706	-12.13	-12.83	268.7	5	0	0
13/10/2011 2:55	92340	0	13.76	87	0.625	0.894	44.64	-0.778	-12.18	-12.96	268.7	5	0	0
13/10/2011 3:00	92341	-0.033	13.78	87.2	0.726	0.974	45.56	-0.777	-11.69	-12.47	268.8	5	0	0
13/10/2011 3:05	92342	-0.017	13.79	87.3	0.619	0.867	52.08	-0.744	-11.58	-12.32	268.9	5	0	0
13/10/2011 3:10	92343	0	13.78	87.3	0.883	1.027	49.47	-0.659	-11.1	-11.76	268.8	5	0	0
13/10/2011 3:15	92344	-0.008	13.81	86.8	1.216	1.293	47.96	-0.556	-11.22	-11.77	268.7	5	0	0
13/10/2011 3:20	92345	-0.025	13.89	86.3	1.125	1.373	46.86	-0.597	-11.17	-11.77	268.6	5	0	0
13/10/2011 3:25	92346	-0.008	13.93	86	0.976	1.133	43.85	-0.73	-12.56	-13.29	268.5	5	0	0
13/10/2011 3:30	92347	-0.033	13.98	85.8	1.181	1.293	42.33	-0.856	-14.09	-14.95	268.5	5	0	0
13/10/2011 3:35	92348	-0.033	13.95	85.6	1.189	1.267	37.19	-0.86	-14.53	-15.39	268.5	5	0	0
13/10/2011 3:40	92349	-0.017	13.95	85.3	1.24	1.373	38.17	-0.833	-14.94	-15.77	268.5	5	0	0
13/10/2011 3:45	92350	-0.042	13.98	85	1.003	1.187	36.1	-0.89	-15.79	-16.68	268.5	5	0	0
13/10/2011 3:50	92351	-0.042	14.01	84.4	1.053	1.693	36.41	-0.919	-16.08	-17	268.5	5	0	0
13/10/2011 3:55	92352	-0.017	14.03	84	1.101	1.293	42.72	-0.96	-16.49	-17.45	268.6	5	0	0
13/10/2011 4:00	92353	-0.033	14.04	83.8	0.649	0.974	48.71	-1.165	-17.06	-18.23	268.7	5	0	0
13/10/2011 4:05	92354	-0.042	13.99	83.7	1.12	1.346	46.85	-1.133	-17.14	-18.27	268.9	5	0	0
13/10/2011 4:10	92355	-0.025	14	83.8	1.069	1.373	39.35	-1.128	-17.88	-19	268.7	5	0	0
13/10/2011 4:15	92356	-0.058	13.93	84.3	0.784	0.947	40.34	-1.187	-18.52	-19.71	268.7	5	0	0
13/10/2011 4:20	92357	-0.033	13.85	84.8	0.768	0.84	38.73	-1.308	-20.16	-21.46	268.8	5	0	0
13/10/2011 4:25	92358	-0.033	13.75	85.4	0.904	1.107	32.58	-1.586	-27.94	-29.53	268.9	5	0	0
13/10/2011 4:30	92359	-0.025	13.64	85.8	0.763	0.894	36.37	-2.16	-39.6	-41.76	268.9	5	0	0
13/10/2011 4:35	92360	0	13.56	85.6	0.907	1.187	34.12	-2.412	-46.33	-48.74	268.9	5	0	0
13/10/2011 4:40	92361	0	13.51	85.6	0.974	1.08	33.61	-2.667	-50.48	-53.15	269	5	0	0
13/10/2011 4:45	92362	0	13.42	85.3	1.157	1.453	43.04	-2.34	-40.38	-42.72	268.9	5	0	0
13/10/2011 4:50	92363	0.008	13.23	85.6	0.83	0.974	43.03	-1.891	-28.3	-30.2	268.8	5	0	0
13/10/2011 4:55	92364	0.033	13.11	86.2	0.926	1.08	40.43	-1.269	-21.03	-22.3	269	5	0	0
13/10/2011 5:00	92365	0.1	13.04	86.7	0.875	1.027	38.96	-1.302	-26.95	-28.25	269.2	5	0	0
13/10/2011 5:05	92366	0.267	13	87	1.051	1.187	38.49	-1.639	-34.11	-35.74	268.8	5	0	0
13/10/2011 5:10	92367	0.819	12.96	87.1	0.546	0.974	38.19	-1.673	-34.88	-36.55	268.2	5	0	0
13/10/2011 5:15	92368	2.123	12.87	87.2	0	0	39.47	-1.731	-36.84	-38.57	268	5	0	0
13/10/2011 5:20	92369	4.672	12.75	87.5	0	0	40.36	-0.901	-33.39	-34.29	268.1	5	0	0
13/10/2011 5:25	92370	8.92	12.67	87.7	0	0	37.27	0.476	-32.56	-32.08	268.1	5	0	0
13/10/2011 5:30	92371	14.89	12.68	88.3	0	0	16.88	2.675	-27.59	-24.92	268.2	5	0	0
13/10/2011 5:35	92372	21.34	12.85	88.5	0	0	25.45	4.957	-25.06	-20.1	268.7	5	0	0
13/10/2011 5:40	92373	27.3	13	88.3	0	0	36.12	8.05	-17.09	-9.04	269.5	5	0	0
13/10/2011 5:45	92374	35.57	13.08	88.2	0	0	30.93	11.5	-14.55	-3.05	269.6	5	0	0
13/10/2011 5:50	92375	40.49	13.17	88	0	0	33.33	12.44	-14.92	-2.475	269.4	5	0	0
13/10/2011 5:55	92376	49.9	13.3	87.8	0.271	0.681	41.17	14.84	-17.31	-2.469	269.4	5	0	0
13/10/2011 6:00	92377	60.49	13.42	87.6	0.135	0.601	43.73	17.75	-18.33	-0.572	269.4	5	0	0
13/10/2011 6:05	92378	78.25	13.5	87.7	0	0	39.8	22.9	-20.85	2.046	269.2	5	0	0
13/10/2011 6:10	92379	94.2	13.62	87.7	0	0	35.55	27.51	-23.48	4.036	269.1	5	0	0
13/10/2011 6:15	92380	109.1	13.73	87.4	0	0	34.85	31.9	-24.73	7.173	269	5	0	0
13/10/2011 6:20	92381	124.4	13.89	87.5	0	0	0.558	36.23	-25.71	10.52	268.9	5	0	0
13/10/2011 6:25	92382	139.4	14.03	87	0	0	36.71	40.73	-25.69	15.04	268.8	5	0	0
13/10/2011 6:30	92383	157.5	14.11	86.8	0.031	0.308	38.57	46.14	-27.59	18.55	268.6	5	0	0
13/10/2011 6:35	92384	182.8	14.19	86.1	0.678	0.84	36.48	53.96	-28.19	25.77	268.4	5	0	0
13/10/2011 6:40	92385	204.7	14.32	85.9	0.633	0.84	47.08	60.59	-29.2	31.39	268.3	5	0	0
13/10/2011 6:45	92386	234.6	14.49	85.1	0.662	0.92	29.1	69.36	-34.85	34.51	268.1	5	0	0
13/10/2011 6:50	92387	271.8	14.53	83.5	1.053	1.267	39.19	80.2	-35.33	44.88	267.8	5	0	0
13/10/2011 6:55	92388	305.7	14.8	82.8	0.971	1.187	36.28	90.8	-34.25	56.56	267.8	5	0	0
13/10/2011 7:00	92389	327.4	14.94	80.9	1.397	1.959	37.92	97.2	-33.38	63.82	267.6	5	0	0
13/10/2011 7:05	92390	313.9	15.02	80.7	1.418	1.693	35.36	93	-35.16	57.84	267.4	5	0	0
13/10/2011 7:10	92391	320.1	15.08	80.7	1.189	1.639	33.19	94.7	-35.97	58.71	267.4	5	0	0
13/10/2011 7:15	92392	315.3	15.22	80.9	1.283	1.719	35.13	93.2	-33.21	59.95	267.4	5	0	0
13/10/2011 7:20	92393	324.4	15.37	79.25	0.968	1.32	33.94	95.9	-32.55	63.37	267.4	5	0	0
13/10/2011 7:25	92394	350.9	15.32	78.55	1.456	1.906	27.63	103.4	-32.22	71.18	267.3	5	0	0
13/10/2011 7:30	92395	361.8	15.42	78.47	1.37	1.773	33.58	106.7	-32.8	73.95	267.2	5	0	0
13/10/2011 7:35	92396	375.8	15.54	77.48	1.432	1.826	28.26	111.5	-33.83	77.69	267.2	5	0	0
13/10/2011 7:40	92397	401.7	15.69	77.95	1.28	1.693	44	119.3	-34.83	84.5	267.2	5	0	0
13/10/2011 7:45	92398	391	15.79	76.75	1.306	1.773	28.43	115.6	-33.81	81.8	267.1	5	0	0
13/10/2011 7:50	92399	399.6	15.87	76.33	1.259	1.906	32.44	118	-33.59	84.4	267.1	5	0	0
13/10/2011 7:55	92400	404	15.83	75.08	1.437	1.879	18.13	119	-33.29	85.7	267	5	0	0
13/10/2011 8:00	92401	416.2	15.91	73.9	0.936	1.373	26.67	122.6	-34.4	88.2	267	5	0	0
13/10/2011 8:05	92402	389.5	16.08	74.97	0.737	1.32	33.39	114.2	-34.05	80.1	267	5	0	0
13/10/2011 8:10	92403	393.6	16.23	73.92	0.838	1.027	17.61	115.6	-34.11	81.5	266.8	5	0	0
13/10/2011 8:15	92404	459.5	16.23	72.6	0.731	1.213	31.93	134.4	-30.53	103.8	266.8	5	0	0
13/10/2011 8:20	92405	480.9	16.32	71.95	1.027	1.373	27.48	142.1	-35.96	106.1	266.8	5	0	0
13/10/2011 8:25	92406	490.8	16.3	73.16	1.075	1.613	26.04	145.1	-37.29	107.9	266.7	5	0	0
13/10/2011 8:30	92407	519.1	16.3	72.63	1.045	1.666	45.94	153.2	-37.54	115.7	266.7	5	0	0
13/10/2011 8:35	92408	518.8	16.47	71.32	0.766	1.48	3.633	152.4	-38.12	114.3	266.6	5	0	0
13/10/2011 8:40	92409	526.7	16.68	70.85	0.511	0.734	2.398	153.9	-38.11	115.7	266.5	5	0	0
13/10/2011 8:45	92410	542.9	16.74	70.71	0.686	0.894	3.384	159.5	-39.39	120.1	266.5	5	0	0
13/10/2011 8:50	92411	558.7	16.77	69.62	0.73	1.053	34.83	164.9	-39.71	125.2	266.4	5	0	0
13/10/2011 8:55	92412	606.5	16.88	69.38	0.8	1.293	57.31	180.4	-41.33	139.1	266.4	5	0	0
13/10/2011 9:00	92413	651.9	16.99	69.05	0.827	1.213	45.33	193.4	-42.43	151	266.3	5	0	0
13/10/2011 9:05	92414	684.8	17.1	68.76	1.088	1.32	29.94	204.6	-44.31	160.3	266.1	5	0	0
13/10/2011 9:10	92415	738.2	17.11	67.8	1.024	1.586	16.75	216.9	-44.61	172.3	266	5	0	0
13/10/2011 9:15	92416	749.2	17.14	68.33	0.811	1.639	0.285	224.3	-49.54	174.7	266.2	5	0	0
13/10/2011 9:20	92417	737.9	17.37	69.47	0.755	1.08	3.609	220.7	-48.86	171.8	266.1	5	0	0
13/10/2011 9:25	92418	755.3	17.63	67.11	1.077	1.879	4.618	226.6	-48.73	177.9	265.9	5	0	0
13/10/2011 9:30	92419	840	17.46	70.3	1.152	1.613	0.677	252.3	-49.75	202.6	266	5	0	0
13/10/2011 9:35	92420	1145	17.94	66.8	0.84	1.24	6.125	347.9	-56.77	291.1	266	5	0	0
13/10/2011 9:40	92421	1340	18.19	65.45	1.418	2.332	11.48	409.2	-65.64	343.6	265.4	5	0	0
13/10/2011 9:45	92422	1410	17.9	63.98	1.746	2.279	10.32	426.6	-71.38	355.2	265.3	5	0	0
13/10/2011 9:50	92423	1440	18.37	63.23	1.197	1.56	19.02	445.9	-77.54	368.4	265.4	5	0	0
13/10/2011 9:55	92424	1080	18.16	63.2	1.653	2.252	23.02	329.2	-70.24	258.9	265	5	0	0
13/10/2011 10:00	92425	1115	18.31	63.38	0.673	1.293	0.439	337.3	-65.83	271.5	265.4	5	0	0
13/10/2011 10:05	92426	1598	19.2	60.76	0.707	1.213	53.48	492.2	-72.37	419.9	265.5	5	0	0
13/10/2011 10:10	92427	1491	19.34	61.62	1.035	1.426	5.97	455.5	-80.9	374.7	264.8	5	0	0
13/10/2011 10:15	92428	1362	19	63.36	2.289	3.477	3.572	415.7	-79.76	335.9	264.6	5	0	0
13/10/2011 10:20	92429	1448	18.6	66.39	1.445	2.412	4.617	442.5	-89	353.5	265.1	5	0	0
13/10/2011 10:25	92430	1496	18.74	63.72	2.494	3.53	10.06	457.2	-91.6	365.6	264.6	5	0	0
13/10/2011 10:30	92431	1500	18.73	63.62	1.304	2.066	49.82	456.4	-93.4	363	265.1	5	0	0
13/10/2011 10:35	92432	1445	18.98	63.8	2.044	3.024	1.97	437.3	-97.1	340.2	264.6	5	0	0
13/10/2011 10:40	92433	1563	18.98	65.07	1.698	2.465	10.78	478.9	-96.5	382.5	264.8	5	0	0
13/10/2011 10:45	92434	1562	19.31	58.22	1.2	2.838	17.79	493.1	-93.1	400	264.7	5	0	0
13/10/2011 10:50	92435	2273	19.52	63.26	2.159	2.598	11.93	725.4	-106.4	619	264.9	5	0	0
13/10/2011 10:55	92436	1908	19.98	57.51	2.422	3.53	4.166	598.5	-108.9	489.5	264.7	5	0	0
13/10/2011 11:00	92437	1671	19.74	59.3	1.658	2.598	6.171	518.6	-96.7	421.9	264.7	5	0	0
13/10/2011 11:05	92438	1146	19.24	59.8	2.361	3.557	8.37	349.3	-79.08	270.3	264.3	5	0	0
13/10/2011 11:10	92439	1707	19.37	61.19	1.759	2.199	4.711	532.3	-85	447.3	265	5	0	0
13/10/2011 11:15	92440	1118	19.81	56.96	1.117	1.799	19.46	338.6	-80.1	258.5	264.5	5	0	0
13/10/2011 11:20	92441	1501	19.78	59.92	1.607	2.865	6.657	472.7	-78.08	394.6	264.6	5	0	0
13/10/2011 11:25	92442	1081	19.53	58.9	2.201	3.104	5.494	323.9	-71.89	252	264.4	5	0	0
13/10/2011 11:30	92443	977	19.24	59.42	1.48	1.906	13.58	295.2	-63.99	231.2	264.7	5	0	0
13/10/2011 11:35	92444	1034	19.53	57.57	1.528	2.545	10.64	311.8	-63.78	248	264.8	5	0	0
13/10/2011 11:40	92445	1185	19.56	59.46	2.204	2.865	17.57	359.4	-64.49	294.9	264.7	5	0	0
13/10/2011 11:45	92446	1142	19.61	58.94	1.735	2.518	0.57	345.2	-65.96	279.3	264.9	5	0	0
13/10/2011 11:50	92447	1182	19.79	61.49	1.482	2.438	2.729	356.7	-68.66	288	264.9	5	0	0
13/10/2011 11:55	92448	1633	19.89	59.8	1.741	2.465	9.79	511	-77.07	433.9	264.7	5	0	0
13/10/2011 12:00	92449	1672	20.07	56.78	2.145	2.465	8.85	522.8	-77.62	445.1	264.7	5	0	0
13/10/2011 12:05	92450	890	19.99	58.32	2.883	3.823	12.03	272.2	-68.62	203.6	264.4	5	0	0
13/10/2011 12:10	92451	587.6	19.35	59.33	2.774	3.237	9.7	172.9	-52.15	120.8	264.6	5	0	0
13/10/2011 12:15	92452	571	19.17	58.49	2.577	3.024	13.58	168.5	-46.29	122.2	264.8	5	0	0
13/10/2011 12:20	92453	671.1	19.32	57.52	2.388	3.424	11.82	199.3	-45.67	153.6	264.9	5	0	0
13/10/2011 12:25	92454	778.6	19.3	56.99	1.855	2.518	15.57	232.7	-47.45	185.3	264.9	5	0	0
13/10/2011 12:30	92455	935	19.38	56.23	2.273	2.971	16.92	279.5	-50.18	229.3	264.8	5	0	0
13/10/2011 12:35	92456	1188	19.66	57.69	2.287	2.838	11.9	361.7	-58.66	303.1	264.8	5	0	0
13/10/2011 12:40	92457	1218	19.75	56.75	2.063	3.104	5.768	367.4	-61.22	306.2	264.8	5	0	0
13/10/2011 12:45	92458	1356	19.86	57.47	1.906	2.598	12.98	413.3	-70.08	343.2	264.8	5	0	0
13/10/2011 12:50	92459	1237	20.11	53.23	2.635	3.131	11.57	376.8	-72.44	304.3	264.6	5	0	0
13/10/2011 12:55	92460	1231	20.02	52.54	2.012	2.651	17.89	375.6	-73.9	301.7	264.8	5	0	0
13/10/2011 13:00	92461	1340	20.11	54.66	2.271	3.184	12.72	410.2	-78.24	332	264.7	5	0	0
13/10/2011 13:05	92462	1398	20.41	54.65	1.858	2.625	10.24	429.4	-81.6	347.9	264.8	5	0	0
13/10/2011 13:10	92463	1135	20.25	56.95	1.964	2.705	9.96	345.7	-76.6	269.1	264.7	5	0	0
13/10/2011 13:15	92464	1417	20.39	54.22	2.398	3.584	14.15	435.9	-83.4	352.6	264.6	5	0	0
13/10/2011 13:20	92465	1103	20.04	57.05	2.031	2.731	27.69	336.2	-78.76	257.4	264.6	5	0	0
13/10/2011 13:25	92466	1072	20.2	54.91	2.417	3.823	5.993	327.1	-72.24	254.8	264.7	5	0	0
13/10/2011 13:30	92467	1232	20.18	53.29	3.107	4.356	9.74	379.1	-70.47	308.6	264.7	5	0	0
13/10/2011 13:35	92468	1326	20.2	54.36	1.743	2.971	7.299	410.1	-76.15	334	264.9	5	0	0
13/10/2011 13:40	92469	755.7	20.45	57.72	1.922	2.811	9.11	226.1	-62.98	163.1	264.6	5	0	0
13/10/2011 13:45	92470	617.4	20.13	57.64	2.699	3.424	4.071	184.2	-48.01	136.2	264.7	5	0	0
13/10/2011 13:50	92471	545	19.85	57.31	2.457	2.865	11.67	163	-46.03	116.9	264.7	5	0	0
13/10/2011 13:55	92472	445	19.85	57.79	2.295	3.211	14.43	133.1	-41.95	91.2	264.8	5	0	0
13/10/2011 14:00	92473	497.8	19.68	56.36	2.681	4.063	11.83	149.2	-38.46	110.8	264.8	5	0	0
13/10/2011 14:05	92474	578.9	19.77	56.25	2.241	2.651	15.93	175.9	-41.07	134.8	264.8	5	0	0
13/10/2011 14:10	92475	1032	19.85	55.9	2.737	3.078	12.71	323.9	-49.8	274.1	264.9	5	0	0
13/10/2011 14:15	92476	1708	20.51	53.48	2.739	3.584	12.97	547.7	-79.69	468	264.9	5	0	0
13/10/2011 14:20	92477	1602	20.9	56.28	2.763	3.557	8.92	504.2	-103	401.1	264.8	5	0	0
13/10/2011 14:25	92478	1408	21.05	51.15	2.513	3.424	10.24	438.5	-111.3	327.3	264.8	5	0	0
13/10/2011 14:30	92479	1572	20.83	51.4	2.478	2.891	7.762	496.9	-113.2	383.8	264.8	5	0	0
13/10/2011 14:35	92480	1458	21.19	54.58	1.959	2.785	10.36	458.3	-114.7	343.6	264.9	5	0	0
13/10/2011 14:40	92481	1171	20.94	52.45	3.104	4.249	7.631	365.1	-106.4	258.6	264.8	5	0	0
13/10/2011 14:45	92482	769.5	20.56	54.4	2.881	3.983	17.49	229.9	-97.2	132.6	264.8	5	0	0
13/10/2011 14:50	92483	1345	20.78	50.83	2.404	3.184	11.07	428.8	-95.7	333.1	265	5	0	0
13/10/2011 14:55	92484	691.3	20.88	50.68	2.681	2.865	17.84	211.5	-87.1	124.3	264.8	5	0	0
13/10/2011 15:00	92485	397.9	20.36	53.83	2.223	2.998	12.27	113	-68.55	44.5	264.8	5	0	0
13/10/2011 15:05	92486	615.6	20.21	54.78	2.532	3.397	11.97	182.9	-61.67	121.2	264.9	5	0	0
13/10/2011 15:10	92487	579.9	20.33	52.38	2.468	2.918	7.643	173.2	-51.42	121.8	264.9	5	0	0
13/10/2011 15:15	92488	577.4	20.55	51.79	2.111	2.998	6.67	171.8	-46.06	125.8	264.9	5	0	0
13/10/2011 15:20	92489	553.8	20.54	53.6	2.601	3.557	11.97	163.7	-44.78	118.9	264.9	5	0	0
13/10/2011 15:25	92490	500.5	20.43	53.11	2.244	2.944	6.183	148.2	-46.71	101.5	264.9	5	0	0
13/10/2011 15:30	92491	464.4	20.34	52.45	2.782	3.211	7.038	137.7	-44.76	92.9	264.8	5	0	0
13/10/2011 15:35	92492	439.9	20.24	54.46	2.364	3.051	6.706	130.4	-45.81	84.6	264.9	5	0	0
13/10/2011 15:40	92493	399.3	20.24	54.08	2.481	3.024	8.36	117.1	-47.82	69.29	264.9	5	0	0
13/10/2011 15:45	92494	426.1	20.03	57.5	2.992	3.823	5.994	125.5	-48.15	77.34	264.9	5	0	0
13/10/2011 15:50	92495	727.6	20.08	53.03	3.128	3.823	3.478	225	-52.12	172.8	264.9	5	0	0
13/10/2011 15:55	92496	699.3	20.29	54.52	2.849	3.45	3.893	211.2	-61.99	149.2	264.9	5	0	0
13/10/2011 16:00	92497	621.4	20.41	55.59	2.886	4.063	7.216	184	-68.22	115.8	264.9	5	0	0
13/10/2011 16:05	92498	489	20.14	56.03	3.086	3.877	8.23	141.1	-70.62	70.47	264.9	5	0	0
13/10/2011 16:10	92499	410.5	20.06	54.53	2.406	3.237	10.71	116.9	-71.33	45.53	264.9	5	0	0
13/10/2011 16:15	92500	379.3	19.97	57.41	2.047	3.211	3.537	108.9	-64.41	44.48	264.9	5	0	0
13/10/2011 16:20	92501	375.1	19.8	55.29	2.627	3.344	8.63	110.2	-49.67	60.49	264.9	5	0	0
13/10/2011 16:25	92502	312.4	19.62	58.09	2.96	3.637	9.86	90.8	-44.7	46.08	264.9	5	0	0
13/10/2011 16:30	92503	313.1	19.46	58.08	2.532	3.104	13.86	91.2	-51.79	39.44	265	5	0	0
13/10/2011 16:35	92504	353.7	19.36	57.82	2.47	3.424	11.88	105.3	-61.51	43.79	265	5	0	0
13/10/2011 16:40	92505	306.1	19.26	58.86	2.532	3.158	11.66	89.3	-67.03	22.26	265	5	0	0
13/10/2011 16:45	92506	252.6	19.13	60.26	2.558	3.69	13.7	70.12	-67.1	3.024	265.1	5	0	0
13/10/2011 16:50	92507	228.5	19.08	59.32	2.529	3.371	10.62	61.88	-69.85	-7.969	265.1	5	0	0
13/10/2011 16:55	92508	229.7	19.02	59.08	2.902	4.143	8.69	65.33	-61.24	4.097	265.1	5	0	0
13/10/2011 17:00	92509	191.6	19.02	59.79	2.931	3.504	11.16	56.61	-42.29	14.32	265.1	5	0	0
13/10/2011 17:05	92510	132.3	18.95	59.63	3.136	3.877	10.16	38.25	-31.57	6.676	265.1	5	0	0
13/10/2011 17:10	92511	105.4	18.81	59.31	2.982	3.477	10.47	29.83	-29.04	0.787	265.1	5	0	0
13/10/2011 17:15	92512	76.8	18.73	59.48	2.899	3.557	14	21.14	-22.79	-1.653	265.1	5	0	0
13/10/2011 17:20	92513	66.51	18.65	60.13	2.793	3.743	12.36	17.34	-24.39	-7.055	265.1	5	0	0
13/10/2011 17:25	92514	74.84	18.55	60.5	2.731	3.637	10.52	19.5	-35.48	-15.97	265.1	5	0	0
13/10/2011 17:30	92515	74.38	18.43	60.69	2.452	3.237	14.04	19.45	-41.48	-22.04	265.1	5	0	0
13/10/2011 17:35	92516	61.01	18.37	61.14	2.3	3.903	10.21	15.01	-46.35	-31.34	265.1	5	0	0
13/10/2011 17:40	92517	51.14	18.26	61.76	2.502	3.504	7.348	12.54	-43.42	-30.87	265.2	5	0	0
13/10/2011 17:45	92518	41.25	18.13	63.04	2.074	2.598	7.906	9.4	-41.49	-32.08	265.3	5	0	0
13/10/2011 17:50	92519	27.19	17.97	62.71	2.079	3.051	11.15	4.96	-33.8	-28.84	265.3	5	0	0
13/10/2011 17:55	92520	17.42	17.83	62.42	2.311	3.158	8.21	3.079	-25.99	-22.91	265.3	5	0	0
13/10/2011 18:00	92521	12	17.78	63.26	1.996	3.104	20.06	1.653	-24.03	-22.38	265.3	5	0	0
13/10/2011 18:05	92522	7.619	17.69	63.12	1.914	2.865	9.84	0.764	-19.72	-18.95	265.3	5	0	0
13/10/2011 18:10	92523	5.029	17.71	62.93	2.436	3.264	11.91	0.291	-19.56	-19.27	265.3	5	0	0
13/10/2011 18:15	92524	2.991	17.64	63.99	1.727	2.012	16.66	-0.325	-19.15	-19.47	265.3	5	0	0
13/10/2011 18:20	92525	1.412	17.57	63.59	1.876	2.731	13.19	-0.707	-19.81	-20.52	265.4	5	0	0
13/10/2011 18:25	92526	0.543	17.54	64.08	2.026	2.572	7.942	-0.886	-19.68	-20.56	265.4	5	0	0
13/10/2011 18:30	92527	0.142	17.43	64.12	1.922	2.279	10.21	-1.081	-19.36	-20.44	265.4	5	0	0
13/10/2011 18:35	92528	0.075	17.37	63.74	2.082	2.758	17.4	-1.043	-19.35	-20.39	265.4	5	0	0
13/10/2011 18:40	92529	0.033	17.3	64.12	1.49	2.385	16.13	-1.149	-19.68	-20.83	265.4	5	0	0
13/10/2011 18:45	92530	0.05	17.23	64.21	1.762	2.625	9.18	-1.155	-21.17	-22.32	265.4	5	0	0
13/10/2011 18:50	92531	0.025	17.17	64.12	1.703	2.066	7.741	-1.182	-21.67	-22.85	265.4	5	0	0
13/10/2011 18:55	92532	0	17.1	64.02	1.52	2.012	7.42	-1.191	-22.65	-23.84	265.5	5	0	0
13/10/2011 19:00	92533	0.017	17.07	63.74	1.677	2.572	10.08	-1.184	-22.58	-23.77	265.5	5	0	0
13/10/2011 19:05	92534	0.033	17.02	63.62	1.504	1.959	11.07	-1.154	-20.96	-22.11	265.5	5	0	0
13/10/2011 19:10	92535	0.025	16.98	64.19	1.56	2.651	8.23	-1.154	-21.31	-22.47	265.5	5	0	0
13/10/2011 19:15	92536	0.008	16.94	64.17	1.554	2.039	4.619	-1.129	-20.95	-22.08	265.5	5	0	0
13/10/2011 19:20	92537	0.025	16.9	64.66	1.488	1.773	14.95	-1.095	-20.16	-21.25	265.5	5	0	0
13/10/2011 19:25	92538	-0.008	16.89	63.94	1.725	2.758	9.76	-1.037	-19.09	-20.13	265.5	5	0	0
13/10/2011 19:30	92539	0	16.86	64.46	1.546	2.252	12.03	-1.129	-21.58	-22.71	265.5	5	0	0
13/10/2011 19:35	92540	0	16.81	64.81	1.221	1.666	9.49	-1.347	-24.48	-25.83	265.5	5	0	0
13/10/2011 19:40	92541	0	16.78	63.98	1.799	2.332	9.8	-1.331	-27.21	-28.54	265.5	5	0	0
13/10/2011 19:45	92542	0	16.79	64.94	1.472	1.639	10.16	-1.405	-27.37	-28.77	265.5	5	0	0
13/10/2011 19:50	92543	0	16.69	64.5	1.562	2.039	8.53	-1.387	-26.12	-27.51	265.6	5	0	0
13/10/2011 19:55	92544	0.008	16.73	64.81	1.482	2.225	12.13	-1.349	-26.71	-28.06	265.6	5	0	0
13/10/2011 20:00	92545	0.042	16.69	63.81	1.666	2.119	7.362	-1.054	-19.24	-20.29	265.6	5	0	0
13/10/2011 20:05	92546	0.017	16.78	63.78	1.706	2.305	8.2	-0.921	-19.6	-20.52	265.6	5	0	0
13/10/2011 20:10	92547	0.008	16.77	63.5	1.701	2.199	3.099	-1.087	-20.97	-22.06	265.5	5	0	0
13/10/2011 20:15	92548	0	16.75	63.74	1.301	1.666	6.269	-1.023	-17.78	-18.81	265.5	5	0	0
13/10/2011 20:20	92549	0.017	16.71	63.83	1.227	1.453	13.63	-0.974	-16.54	-17.51	265.6	5	0	0
13/10/2011 20:25	92550	0.008	16.69	63.98	1.301	1.639	12.08	-0.943	-16.68	-17.62	265.6	5	0	0
13/10/2011 20:30	92551	0	16.66	64.02	1.117	1.613	9.59	-0.995	-17.19	-18.18	265.6	5	0	0
13/10/2011 20:35	92552	0	16.63	64.12	0.995	1.32	11.08	-1.075	-18.37	-19.44	265.6	5	0	0
13/10/2011 20:40	92553	0	16.61	64.35	1.067	1.24	10.82	-1.123	-20.42	-21.55	265.6	5	0	0
13/10/2011 20:45	92554	0	16.56	64.76	0.835	1.107	9.82	-1.158	-19.67	-20.83	265.6	5	0	0
13/10/2011 20:50	92555	0	16.5	65.2	0.723	0.974	0.902	-1.234	-20.58	-21.81	265.6	5	0	0
13/10/2011 20:55	92556	0	16.45	64.77	0.354	1.027	1.888	-1.341	-22.12	-23.46	265.7	5	0	0
13/10/2011 21:00	92557	0	16.48	65.32	0.219	0.84	9.58	-1.295	-22.28	-23.58	265.7	5	0	0
13/10/2011 21:05	92558	0	16.41	65.84	0	0	53.03	-1.358	-21.39	-22.75	265.7	5	0	0
13/10/2011 21:10	92559	0.008	16.3	66.11	0	0	38.19	-1.387	-22.22	-23.61	265.8	5	0	0
13/10/2011 21:15	92560	0.008	16.21	67.29	0.064	0.334	25.36	-1.488	-24.31	-25.8	265.9	5	0	0
13/10/2011 21:20	92561	0.008	16.08	67.92	0	0	20.03	-1.741	-27.18	-28.92	265.9	5	0	0
13/10/2011 21:25	92562	0.008	16	68.72	0.047	0.468	25.65	-1.784	-28.26	-30.04	266	5	0	0
13/10/2011 21:30	92563	0	15.79	69.37	0.526	0.601	31.22	-1.77	-29.45	-31.22	266	5	0	0
13/10/2011 21:35	92564	0.025	15.62	69.92	0.394	0.547	21.37	-1.753	-26.91	-28.66	266.2	5	0	0
13/10/2011 21:40	92565	-0.025	15.56	70.89	0	0	15.13	-1.826	-28.55	-30.38	266.5	5	0	0
13/10/2011 21:45	92566	0.008	15.46	72.05	0	0	28.1	-1.8	-27.08	-28.88	266.5	5	0	0
13/10/2011 21:50	92567	0	15.31	72.87	0.42	0.681	27.39	-1.619	-28.3	-29.91	267	5	0	0
13/10/2011 21:55	92568	0	15.14	72.85	0.603	0.681	27.16	-1.199	-23.86	-25.06	267	5	0	0
13/10/2011 22:00	92569	0	15.07	74.26	0.561	0.654	21.83	-1.093	-21.69	-22.78	267	5	0	0
13/10/2011 22:05	92570	0	14.9	75.32	0.441	0.521	19.63	-1.425	-28.1	-29.53	267	5	0	0
13/10/2011 22:10	92571	0.008	14.84	75.5	0.36	0.521	22.48	-1.631	-32.07	-33.7	267.1	5	0	0
13/10/2011 22:15	92572	0	14.86	75.7	0.409	0.521	12.8	-1.752	-32.69	-34.44	267.1	5	0	0
13/10/2011 22:20	92573	0.008	14.79	75.69	0.199	0.441	24.19	-1.767	-32.17	-33.94	267.1	5	0	0
13/10/2011 22:25	92574	0	14.79	76.37	0.468	0.707	32.1	-1.47	-25.83	-27.3	267.4	5	0	0
13/10/2011 22:30	92575	0	14.64	76.72	0.461	0.707	32.17	-1.043	-20.31	-21.35	267.4	5	0	0
13/10/2011 22:35	92576	0	14.48	77.74	0.686	0.92	34.38	-0.963	-17.58	-18.55	267.4	5	0	0
13/10/2011 22:40	92577	0	14.32	78.02	0.577	0.734	26.09	-0.877	-16.24	-17.12	267.3	5	0	0
13/10/2011 22:45	92578	0.008	14.33	78.23	0.67	1	29.92	-0.898	-19.37	-20.27	267.1	5	0	0
13/10/2011 22:50	92579	0.008	14.6	77.91	0.678	1.027	13.51	-0.898	-20.92	-21.81	267.1	5	0	0
13/10/2011 22:55	92580	0.017	14.62	78.64	0.603	0.681	14.98	-1.239	-24.49	-25.72	267.5	5	0	0
13/10/2011 23:00	92581	0	14.57	78.19	0.518	0.654	18.69	-1.224	-23.83	-25.05	267.7	5	0	0
13/10/2011 23:05	92582	0	14.63	76.88	0.426	0.681	24.8	-1.196	-24.48	-25.67	267.6	5	0	0
13/10/2011 23:10	92583	0	14.73	77.07	0.261	0.388	21.04	-1.489	-26.75	-28.23	267.7	5	0	0
13/10/2011 23:15	92584	0	14.71	76.39	0.277	0.468	18.55	-1.467	-27.1	-28.56	267.5	5	0	0
13/10/2011 23:20	92585	0	14.7	77.09	0	0	22.16	-1.414	-24.39	-25.81	267.7	5	0	0
13/10/2011 23:25	92586	0.033	14.67	77.24	0	0	22.32	-1.16	-24.01	-25.17	267.6	5	0	0
13/10/2011 23:30	92587	0	14.64	77.39	0.186	0.414	34.16	-1.084	-19.09	-20.18	267.8	5	0	0
13/10/2011 23:35	92588	0.008	14.61	78.48	0.385	0.468	28.57	-0.957	-18.32	-19.28	267.9	5	0	0
13/10/2011 23:40	92589	0	14.47	79.01	0.457	0.494	31.61	-0.877	-17.1	-17.98	267.8	5	0	0
13/10/2011 23:45	92590	0.017	14.4	79.83	0.404	0.574	31.33	-0.847	-16.32	-17.17	268	5	0	0
13/10/2011 23:50	92591	0	14.29	80.6	0.611	0.707	32.59	-1.019	-17.29	-18.31	268	5	0	0
13/10/2011 23:55	92592	0.008	14.14	81.3	0.263	0.468	31.2	-1.168	-18.37	-19.53	268	5	0	0
14/10/2011 0:00	92593	0	14.08	81.9	0	0	43.18	-1.205	-18	-19.2	268	5	0	0
14/10/2011 0:05	92594	0	14.03	82.9	0	0	45.63	-1.245	-19.63	-20.87	268.1	5	0	0
14/10/2011 0:10	92595	0.017	13.97	83.7	0	0	53.25	-1.505	-23.41	-24.92	268.4	5	0	0
14/10/2011 0:15	92596	0.033	13.91	84.1	0	0	18.52	-1.623	-25.25	-26.88	268.6	5	0	0
14/10/2011 0:20	92597	0.033	13.83	84.1	0	0	21.77	-1.636	-26.93	-28.56	268.7	5	0	0
14/10/2011 0:25	92598	0.008	13.78	84.7	0	0	36.47	-1.607	-23.45	-25.06	268.7	5	0	0
14/10/2011 0:30	92599	0	13.85	85	0	0	37.19	-1.178	-20.84	-22.02	268.8	5	0	0
14/10/2011 0:35	92600	0	13.79	85.3	0	0	28.18	-0.9	-18.12	-19.02	268.9	5	0	0
14/10/2011 0:40	92601	-0.008	13.77	85.4	0	0	23.14	-0.721	-14.23	-14.95	268.9	5	0	0
14/10/2011 0:45	92602	0.008	13.89	85.5	0	0	22.23	-0.641	-11.47	-12.11	268.8	5	0	0
14/10/2011 0:50	92603	0	13.97	85.8	0	0	19.85	-0.654	-10.89	-11.55	268.9	5	0	0
14/10/2011 0:55	92604	0.017	14.01	86.1	0	0	37.1	-0.688	-11.43	-12.12	269	5	0	0
14/10/2011 1:00	92605	0.025	13.91	86	0	0	33.96	-0.58	-11.25	-11.83	268.9	5	0	0
14/10/2011 1:05	92606	0.025	13.91	86.2	0	0	26.83	-0.659	-11.42	-12.08	268.8	5	0	0
14/10/2011 1:10	92607	0.025	13.96	86.6	0	0	28.9	-0.797	-12.7	-13.5	268.9	5	0	0
14/10/2011 1:15	92608	0.008	13.99	86.5	0	0	26.98	-0.889	-16.98	-17.87	268.9	5	0	0
14/10/2011 1:20	92609	0.008	13.97	86.6	0	0	25.93	-1.001	-16.66	-17.67	268.9	5	0	0
14/10/2011 1:25	92610	0	13.99	86.8	0	0	28.54	-0.974	-13.94	-14.91	269	5	0	0
14/10/2011 1:30	92611	0	14.03	87	0	0	34.73	-0.757	-12.59	-13.35	269	5	0	0
14/10/2011 1:35	92612	0.008	13.98	86.5	0.109	0.627	43.03	-0.691	-12.55	-13.24	269	5	0	0
14/10/2011 1:40	92613	0	13.94	86.6	0.304	0.681	41.35	-0.674	-10.89	-11.56	268.8	5	0	0
14/10/2011 1:45	92614	0	13.95	86.8	0.607	0.974	0.309	-0.663	-10.78	-11.44	268.9	5	0	0
14/10/2011 1:50	92615	0	13.91	86.4	0.912	0.974	52.57	-0.471	-10.17	-10.64	269	5	0	0
14/10/2011 1:55	92616	-0.008	13.98	85.5	0.581	0.92	48.23	-0.477	-11.04	-11.51	268.8	5	0	0
14/10/2011 2:00	92617	0.017	14.1	85.2	0.291	0.601	55.35	-0.722	-12.41	-13.14	268.8	5	0	0
14/10/2011 2:05	92618	0	14.14	84.7	0.673	0.92	54.47	-0.795	-14.5	-15.29	268.9	5	0	0
14/10/2011 2:10	92619	0.008	14.23	85.2	0.976	1.027	55.33	-0.651	-11.53	-12.18	268.9	5	0	0
14/10/2011 2:15	92620	0	14.41	85.7	0.766	1.08	0.368	-0.638	-11.15	-11.79	269	5	0	0
14/10/2011 2:20	92621	0	14.43	86.2	0.391	0.654	0.333	-0.703	-12.48	-13.18	269	5	0	0
14/10/2011 2:25	92622	0	14.43	86.4	0.322	0.627	10	-0.809	-13.77	-14.57	269.1	5	0	0
14/10/2011 2:30	92623	0.008	14.41	86.2	0.737	1	1.259	-0.704	-12.96	-13.66	269.1	5	0	0
14/10/2011 2:35	92624	0.025	14.42	85.3	0.713	0.814	59.22	-0.754	-19.93	-20.68	269	5	0	0
14/10/2011 2:40	92625	0	14.46	84.9	0.411	0.707	42.43	-1.34	-23.42	-24.76	269.1	5	0	0
14/10/2011 2:45	92626	0.033	14.45	85	0.331	0.681	46.54	-1.093	-15.96	-17.05	269.1	5	0	0
14/10/2011 2:50	92627	0	14.36	85	0.798	0.894	42.27	-0.695	-11.69	-12.38	269.1	5	0	0
14/10/2011 2:55	92628	0	14.31	85.7	0.216	0.761	37.11	-0.936	-13.42	-14.35	269.1	5	0	0
14/10/2011 3:00	92629	0	14.29	86.1	0.072	0.414	25.33	-0.931	-12.36	-13.29	269.2	5	0	0
14/10/2011 3:05	92630	0	14.23	86.6	0	0	27.22	-0.78	-11.78	-12.56	269.1	5	0	0
14/10/2011 3:10	92631	0	14.23	86.7	0.191	0.468	25.68	-0.566	-10.81	-11.37	269.1	5	0	0
14/10/2011 3:15	92632	0	14.25	86.4	0.465	0.521	29.82	-0.433	-11.02	-11.45	269	5	0	0
14/10/2011 3:20	92633	0.008	14.3	86.2	0.209	0.388	27.64	-0.469	-10.06	-10.52	268.9	5	0	0
14/10/2011 3:25	92634	-0.008	14.35	86.1	0	0	25.85	-0.577	-10.02	-10.59	268.9	5	0	0
14/10/2011 3:30	92635	0	14.4	86	0	0	28.29	-0.585	-9.98	-10.57	269	5	0	0
14/10/2011 3:35	92636	0	14.39	85.6	0.421	0.521	27.77	-0.53	-10.57	-11.1	269.1	5	0	0
14/10/2011 3:40	92637	0.008	14.4	84.8	0.566	0.681	26.89	-0.439	-10.19	-10.63	268.7	5	0	0
14/10/2011 3:45	92638	-0.008	14.47	83.9	0.383	0.521	17.7	-0.466	-10.02	-10.49	268.5	5	0	0
14/10/2011 3:50	92639	-0.008	14.57	83.5	0.55	0.627	16	-0.53	-9.96	-10.49	268.6	5	0	0
14/10/2011 3:55	92640	0.008	14.58	83.4	0.506	0.974	15.2	-0.598	-10.05	-10.64	268.6	5	0	0
14/10/2011 4:00	92641	-0.008	14.65	79.66	1.378	2.412	16.89	-0.165	-7.759	-7.924	268.4	5	0	0
14/10/2011 4:05	92642	0.025	14.99	79.24	1.368	2.305	28.27	-0.342	-8.35	-8.7	268.1	5	0	0
14/10/2011 4:10	92643	0.025	14.91	79.7	1.053	1.373	27.54	-0.489	-8.45	-8.94	268	5	0	0
14/10/2011 4:15	92644	0	14.88	80.2	0.658	1.213	0.226	-0.56	-9.19	-9.75	268.2	5	0	0
14/10/2011 4:20	92645	0	14.81	80.5	0.888	0.974	0.273	-0.501	-9.42	-9.92	268.3	5	0	0
14/10/2011 4:25	92646	0	14.86	81.1	0.228	0.707	23.1	-0.768	-11.27	-12.04	268.4	5	0	0
14/10/2011 4:30	92647	-0.008	14.78	81.2	0.07	0.361	17.85	-0.742	-10.63	-11.37	268.3	5	0	0
14/10/2011 4:35	92648	0	14.79	81.5	0	0	38.23	-0.784	-11.27	-12.06	268.4	5	0	0
14/10/2011 4:40	92649	0	14.74	81.9	0	0	40.25	-0.706	-10.78	-11.48	268.4	5	0	0
14/10/2011 4:45	92650	0	14.71	82.8	0.052	0.521	44.44	-0.797	-10.58	-11.37	268.6	5	0	0
14/10/2011 4:50	92651	-0.008	14.59	84	0.577	0.761	48.41	-0.75	-9.79	-10.53	268.7	5	0	0
14/10/2011 4:55	92652	0	14.5	84.9	0.223	0.494	40.46	-0.763	-9.78	-10.55	268.9	5	0	0
14/10/2011 5:00	92653	0	14.44	85.5	0	0	32.49	-0.75	-10.05	-10.8	268.9	5	0	0
14/10/2011 5:05	92654	0.033	14.43	86	0.23	0.441	36.93	-0.715	-9.89	-10.61	269	5	0	0
14/10/2011 5:10	92655	0.292	14.41	86.4	0.436	0.468	32.99	-0.604	-10.37	-10.97	269	5	0	0
14/10/2011 5:15	92656	0.861	14.39	86.8	0.492	0.681	26.85	-0.374	-10.19	-10.57	269	5	0	0
14/10/2011 5:20	92657	1.68	14.33	87.1	0.651	0.761	32.44	-0.1	-9.67	-9.77	269	5	0	0
14/10/2011 5:25	92658	2.783	14.31	87.3	0.345	0.521	37.96	0.101	-9.65	-9.55	269	5	0	0
14/10/2011 5:30	92659	3.71	14.33	87.4	0.617	0.787	42.55	0.35	-9.53	-9.18	269.2	5	0	0
14/10/2011 5:35	92660	5.306	14.32	87.6	0.476	0.654	45.09	0.906	-9.53	-8.63	269.3	5	0	0
14/10/2011 5:40	92661	9.47	14.35	87.7	0.36	0.601	49.85	2.211	-9.73	-7.52	269.4	5	0	0
14/10/2011 5:45	92662	13.86	14.33	87.6	0.101	0.547	59.94	3.477	-9.82	-6.345	269.5	5	0	0
14/10/2011 5:50	92663	15.38	14.4	87.9	0.358	0.574	53.36	3.53	-10.09	-6.561	269.8	5	0	0
14/10/2011 5:55	92664	20.35	14.43	87.8	0.366	0.654	48.75	5.047	-10.21	-5.159	269.9	5	0	0
14/10/2011 6:00	92665	27.88	14.45	87.6	0.312	0.601	0.76	7.609	-10.37	-2.764	269.6	5	0	0
14/10/2011 6:05	92666	33.37	14.42	87.4	0.29	0.84	46.26	9.23	-10.19	-0.96	269.1	5	0	0
14/10/2011 6:10	92667	28.39	14.5	86.5	0.947	1.133	42.86	7.14	-9.89	-2.745	271.3	4	1	0
14/10/2011 6:15	92668	33.83	14.65	85.9	0.99	1.08	38.15	7.331	-9.91	-2.579	275	0	5	0
14/10/2011 6:20	92669	58.51	14.71	85.6	1.141	1.426	31.54	15.56	-10.37	5.191	273.2	4	1	0
14/10/2011 6:25	92670	64.1	14.79	84.8	1.043	1.639	22.49	17.58	-10.27	7.317	270.8	5	0	0
14/10/2011 6:30	92671	82.6	14.85	83.5	0.888	1.027	21.59	23.17	-11.1	12.07	268.8	5	0	0
14/10/2011 6:35	92672	81.7	14.95	82.5	0.574	1	23.17	22.28	-11.51	10.78	268.4	5	0	0
14/10/2011 6:40	92673	115	15.04	79	1.168	1.666	28.25	32.2	-11.15	21.05	268.3	5	0	0
14/10/2011 6:45	92674	136	15.25	78.72	1.421	1.666	24.02	37.91	-11.48	26.43	268.5	5	0	0
14/10/2011 6:50	92675	115.8	15.38	79.19	1.133	1.32	35.54	31.87	-12.09	19.78	268.1	5	0	0
14/10/2011 6:55	92676	86.3	15.38	79.96	1.338	1.533	38.61	23.14	-11.62	11.52	268.1	5	0	0
14/10/2011 7:00	92677	92.1	15.36	80.6	1.008	1.48	43.58	24.62	-11.84	12.78	268.4	5	0	0
14/10/2011 7:05	92678	98.9	15.4	81.2	0.976	1.187	43.36	26.13	-12.32	13.81	268.8	5	0	0
14/10/2011 7:10	92679	124.5	15.37	81.2	0.942	1.053	43.75	32.97	-12.73	20.24	269.2	5	0	0
14/10/2011 7:15	92680	122.4	15.39	82	1.117	1.373	53.51	31.44	-13.21	18.23	271	5	0	0
14/10/2011 7:20	92681	124.5	15.39	82.3	1.208	1.453	52.16	31.69	-12.73	18.95	273.4	2.5	2.5	0
14/10/2011 7:25	92682	162.7	15.33	83.1	1.344	1.506	43.01	40.84	-12.84	28	277.5	0	5	0
14/10/2011 7:30	92683	147.7	15.27	84.4	1.309	1.56	44.88	36.54	-12.44	24.11	281.6	0	3.5	1.5
14/10/2011 7:35	92684	115	15.17	84.9	1.344	1.56	41.95	27.43	-10.67	16.76	291.4	0	0	5
14/10/2011 7:40	92685	126.3	14.93	85.2	1.288	1.56	42.35	30.66	-10.04	20.62	296.8	0	0	5
14/10/2011 7:45	92686	126.7	14.75	86.2	1.261	1.639	41.82	30.89	-9.87	21.03	301	0	0	5
14/10/2011 7:50	92687	136.7	14.75	86.5	0.984	1.506	43.19	34.28	-9.58	24.71	307.8	0	0	5
14/10/2011 7:55	92688	149.6	14.75	87	0.995	1.213	44.02	37.97	-9.31	28.66	317.2	0	0	5
14/10/2011 8:00	92689	143.5	14.72	87.4	0.846	1.267	41.15	36.35	-9.41	26.94	321	0	0	5
14/10/2011 8:05	92690	125.9	14.69	87.8	1.136	1.346	43.53	31.35	-8.74	22.62	322.1	0	0	5
14/10/2011 8:10	92691	118.9	14.62	88.7	1.272	1.506	48.47	29.49	-8.04	21.45	328.1	0	0	5
14/10/2011 8:15	92692	120.6	14.56	89.7	1.389	1.719	46.67	30.24	-7.777	22.46	331.7	0	0	5
14/10/2011 8:20	92693	121.1	14.57	90.1	1.232	1.533	48.32	30.77	-7.474	23.3	332.7	0	0	5
14/10/2011 8:25	92694	127.5	14.51	90.8	1.373	1.986	46.97	32.27	-7.507	24.77	332.8	0	0	5
14/10/2011 8:30	92695	135.9	14.46	90.8	1.349	1.56	37.51	34.42	-7.756	26.66	333.8	0	0	5
14/10/2011 8:35	92696	127.2	14.45	90.8	1.197	1.613	35.34	32.02	-7.404	24.62	335.5	0	0	5
14/10/2011 8:40	92697	147.4	14.45	91	1.051	1.213	34.66	37.34	-7.677	29.66	341.4	0	0	5
14/10/2011 8:45	92698	153.5	14.34	91.1	1.317	1.586	35.95	38.63	-7.601	31.03	343.8	0	0	5
14/10/2011 8:50	92699	146.8	14.4	91.1	1.298	1.586	42.12	37.15	-7.413	29.73	340.6	0	0	5
14/10/2011 8:55	92700	164.8	14.44	90.9	1.24	2.092	40.57	42	-7.453	34.55	337.1	0	0	5
14/10/2011 9:00	92701	200	14.44	91.1	1.647	1.852	37.8	51.67	-7.583	44.09	330.1	0	0	5
14/10/2011 9:05	92702	230	14.5	90.8	1.546	1.852	39.77	59.99	-8.06	51.92	322.7	0	0	5
14/10/2011 9:10	92703	255.1	14.62	90.9	1.264	1.506	45.78	66.63	-8.19	58.44	315.2	0	0	5
14/10/2011 9:15	92704	255.1	14.76	90.6	1.33	1.613	37.06	66.49	-8.47	58.01	308.3	0	0	5
14/10/2011 9:20	92705	273.7	14.78	90.6	1.392	1.932	40.27	71.85	-8.6	63.25	300.6	0	0	5
14/10/2011 9:25	92706	284.9	14.76	90.2	2.026	2.438	39.33	74.61	-9.34	65.27	292.8	0	0	5
14/10/2011 9:30	92707	283.8	14.8	89.8	1.805	2.119	46.67	74.25	-9.71	64.55	286.5	0	0.5	4.5
14/10/2011 9:35	92708	275.8	15.04	89.5	1.109	1.826	36.68	72.42	-10.01	62.42	281.3	0	5	0
14/10/2011 9:40	92709	293.9	15.02	89.6	1.338	1.719	34.73	77.54	-10.74	66.8	278.3	0	5	0
14/10/2011 9:45	92710	316.7	15.09	88.7	1.384	1.693	32.06	84.1	-11.24	72.87	276.5	0	5	0
14/10/2011 9:50	92711	327.1	15.16	88.8	1.213	1.666	36.47	87.6	-11.24	76.35	274.6	1	4	0
14/10/2011 9:55	92712	209.9	15.27	87.2	1.405	1.719	30.26	99.9	-14.28	85.7	272.7	5	0	0
14/10/2011 10:00	92713	362.6	15.25	87.3	1.405	1.719	30.9	97.7	-17.63	80.1	270.9	5	0	0
14/10/2011 10:05	92714	332.7	15.36	86.7	1.52	1.932	39.35	89.3	-17.99	71.27	270	5	0	0
14/10/2011 10:10	92715	311.2	15.37	87.2	1.285	1.693	40.3	83.9	-17.34	66.52	269.1	5	0	0
14/10/2011 10:15	92716	312.8	15.47	85.9	1.44	1.826	40.03	84.4	-17.26	67.12	268.5	5	0	0
14/10/2011 10:20	92717	378.7	15.5	86.6	1.205	1.746	38.21	102.8	-18.04	84.8	268.4	5	0	0
14/10/2011 10:25	92718	389.7	15.61	85.5	1.61	1.906	35.23	105.8	-19.39	86.4	268.4	5	0	0
14/10/2011 10:30	92719	365.3	15.62	85.5	1.168	1.373	35.15	98.6	-19.21	79.36	268.8	5	0	0
14/10/2011 10:35	92720	370.9	15.77	85.6	1.277	1.693	33.16	100.2	-19.7	80.5	272	5	0	0
14/10/2011 10:40	92721	390.1	15.68	85	1.176	1.693	33.26	104.9	-19.6	85.4	268.8	5	0	0
14/10/2011 10:45	92722	322.1	15.8	85.4	0.915	1.16	38.45	85.2	-19.48	65.69	269.1	5	0	0
14/10/2011 10:50	92723	306.5	15.93	84.7	1.109	1.426	43.46	80.2	-18.89	61.31	269.5	5	0	0
14/10/2011 10:55	92724	341.9	15.96	84.9	0.883	1.373	44.53	89.7	-19.52	70.14	269.2	5	0	0
14/10/2011 11:00	92725	260.1	16.05	84.1	1.109	1.56	34.92	67.24	-18.54	48.69	274.4	1.5	3.5	0
14/10/2011 11:05	92726	246.4	15.96	84.2	1.109	1.48	30.18	62.71	-16.83	45.88	275.9	0	5	0
14/10/2011 11:10	92727	248.1	15.91	84.7	0.678	1	39.63	63.05	-16.35	46.7	275.6	0.5	4.5	0
14/10/2011 11:15	92728	233	15.96	84.2	1.291	1.773	46.64	59.33	-16.47	42.86	274	2.5	2.5	0
14/10/2011 11:20	92729	272.3	15.92	84.6	1.091	1.613	32.67	70.5	-16.95	53.55	271.8	5	0	0
14/10/2011 11:25	92730	291.6	16.03	84.6	1.147	1.346	37.08	76.4	-17.58	58.82	269.1	5	0	0
14/10/2011 11:30	92731	397.4	16.13	84.4	1.245	1.453	35.18	106.5	-19.72	86.8	268.7	5	0	0
14/10/2011 11:35	92732	464.4	16.2	84.2	1.261	1.959	21.72	126.4	-21.61	104.7	268.2	5	0	0
14/10/2011 11:40	92733	481.4	16.24	83.5	1.245	1.746	39.38	131	-22.49	108.5	268.1	5	0	0
14/10/2011 11:45	92734	447.6	16.28	84.4	1.288	1.666	38.02	122.2	-22.83	99.4	268	5	0	0
14/10/2011 11:50	92735	546.3	16.5	84.1	1.221	1.693	43.22	151.1	-24.64	126.4	268.1	5	0	0
14/10/2011 11:55	92736	516.5	16.54	82.9	1.171	1.48	9.5	142.7	-25.22	117.5	267.7	5	0	0
14/10/2011 12:00	92737	319.4	16.61	83.1	0.862	1.56	30.56	85.9	-22.19	63.68	267.7	5	0	0
14/10/2011 12:05	92738	306.6	16.62	83.1	1.003	1.346	36.46	82.5	-20.24	62.23	267.9	5	0	0
14/10/2011 12:10	92739	393.9	16.55	82.8	0.806	1.107	16.17	107.6	-20.99	86.6	267.8	5	0	0
14/10/2011 12:15	92740	364.4	16.68	82.3	1.056	1.453	37.61	97.9	-21.57	76.35	267.9	5	0	0
14/10/2011 12:20	92741	313.4	16.66	82.8	1.123	1.373	33.93	83.4	-20.66	62.75	267.8	5	0	0
14/10/2011 12:25	92742	276.2	16.58	83.1	1.037	1.426	31.24	73.29	-19.17	54.12	267.7	5	0	0
14/10/2011 12:30	92743	274.3	16.61	83.1	1.048	1.773	38.77	71.97	-18.88	53.09	267.9	5	0	0
14/10/2011 12:35	92744	232.1	16.56	83.2	1.147	1.639	40.41	60.86	-17.83	43.03	268	5	0	0
14/10/2011 12:40	92745	261.6	16.56	83.1	0.774	1.293	49.71	68.43	-17.78	50.65	268.3	5	0	0
14/10/2011 12:45	92746	263.8	16.63	83.1	1.003	1.267	45.01	68.98	-18.14	50.84	268.7	5	0	0
14/10/2011 12:50	92747	248.6	16.66	83.2	1.224	1.613	37.66	64.99	-17.74	47.25	268.3	5	0	0
14/10/2011 12:55	92748	253.7	16.71	83.3	0.915	1.187	48.25	66.41	-17.51	48.9	268	5	0	0
14/10/2011 13:00	92749	238	16.75	83.4	1.248	1.453	42.8	62	-17.18	44.82	267.9	5	0	0
14/10/2011 13:05	92750	183.9	16.7	83.4	1.48	1.986	49.34	47.63	-16.18	31.44	267.9	5	0	0
14/10/2011 13:10	92751	178.2	16.64	84.9	1.868	2.572	50.42	46.19	-15.01	31.18	268.1	5	0	0
14/10/2011 13:15	92752	177.9	16.46	85.5	1.762	2.465	55.41	46.3	-14.53	31.77	268.3	5	0	0
14/10/2011 13:20	92753	223.4	16.41	85.8	1.914	2.305	42.91	58.93	-15.54	43.39	268.4	5	0	0
14/10/2011 13:25	92754	245.5	16.47	85.6	1.386	1.906	39.76	66.43	-17.18	49.24	268.4	5	0	0
14/10/2011 13:30	92755	297.2	16.47	85.6	1.501	1.906	39.94	80.9	-18.47	62.39	268.3	5	0	0
14/10/2011 13:35	92756	315.5	16.57	85.4	1.37	1.746	41.99	86.2	-19.62	66.56	268.1	5	0	0
14/10/2011 13:40	92757	327.1	16.63	84.4	1.338	1.506	48.23	88.7	-20.65	68.06	268.1	5	0	0
14/10/2011 13:45	92758	286.5	16.61	85.3	1.706	2.252	41.71	76.62	-19.36	57.26	268	5	0	0
14/10/2011 13:50	92759	240.7	16.6	85.4	1.496	1.852	44.2	63.82	-17.9	45.92	268.1	5	0	0
14/10/2011 13:55	92760	291.3	16.72	84.3	1.184	1.986	48.21	77.13	-18.8	58.33	268.5	5	0	0
14/10/2011 14:00	92761	276.2	16.69	84.6	1.514	1.932	48.8	72.96	-18.6	54.36	268.9	5	0	0
14/10/2011 14:05	92762	290.9	16.71	84.8	1.373	1.666	45.59	77.35	-18.96	58.39	270.2	5	0	0
14/10/2011 14:10	92763	297.8	16.81	84.7	1.243	1.506	52.97	79.76	-19.09	60.68	275	1	4	0
14/10/2011 14:15	92764	433.6	16.82	85.6	1.445	1.666	42.67	119.5	-21.17	98.4	272.4	5	0	0
14/10/2011 14:20	92765	385.6	16.97	84	1.405	1.799	49.52	106.9	-22.5	84.4	268.8	5	0	0
14/10/2011 14:25	92766	269	16.93	83.8	1.293	1.906	43.39	73.19	-20.31	52.87	268	5	0	0
14/10/2011 14:30	92767	219	16.92	84	0.987	1.24	43.51	58.85	-18.9	39.95	268	5	0	0
14/10/2011 14:35	92768	205.8	16.94	84.1	1.208	1.48	51.39	55.16	-18.13	37.03	268.1	5	0	0
14/10/2011 14:40	92769	188.1	16.92	84.5	1.405	1.693	49.95	50.18	-17.51	32.67	268.1	5	0	0
14/10/2011 14:45	92770	225.6	16.93	84.8	1.04	1.693	48.07	60.41	-18.39	42.02	268.2	5	0	0
14/10/2011 14:50	92771	243.3	16.9	84.6	1.293	1.506	44.35	66.06	-18.44	47.63	268.1	5	0	0
14/10/2011 14:55	92772	324	17.02	84.4	1.093	1.346	46.4	88.9	-20.25	68.66	268.1	5	0	0
14/10/2011 15:00	92773	313.8	17.08	84	1.283	1.426	46.05	86.5	-20.95	65.5	268.1	5	0	0
14/10/2011 15:05	92774	290.4	17.15	84	1.024	1.267	37.35	80.6	-20.61	59.98	268.1	5	0	0
14/10/2011 15:10	92775	328.4	17.27	83.3	0.923	1.506	46.31	91.9	-21.33	70.52	268	5	0	0
14/10/2011 15:15	92776	356.1	17.33	83.4	1.221	1.586	40.41	99.6	-22.15	77.43	268	5	0	0
14/10/2011 15:20	92777	340.1	17.36	83.3	1.251	1.586	37.49	95.6	-21.75	73.9	267.9	5	0	0
14/10/2011 15:25	92778	300.3	17.44	83	1.107	1.267	41.75	92.9	-21.86	71.06	267.9	5	0	0
14/10/2011 15:30	92779	279.9	17.44	82.2	1.336	2.039	35.45	79.02	-21.24	57.78	267.9	5	0	0
14/10/2011 15:35	92780	236.5	17.36	82.2	1.642	2.332	39.64	66.15	-19.84	46.31	267.9	5	0	0
14/10/2011 15:40	92781	177.6	17.31	82.6	1.575	2.039	41.88	49.05	-17.82	31.23	267.9	5	0	0
14/10/2011 15:45	92782	134.1	17.33	82.3	1.123	1.373	34.55	36.26	-16.62	19.63	268	5	0	0
14/10/2011 15:50	92783	127.8	17.3	82.6	1.541	1.852	37.09	34.6	-15.28	19.32	268.1	5	0	0
14/10/2011 15:55	92784	175.6	17.31	82.4	1.591	1.986	38.01	48.45	-15.66	32.79	268.1	5	0	0
14/10/2011 16:00	92785	176.2	17.32	82.5	1.658	2.119	30.94	48.9	-15.81	33.09	268.1	5	0	0
14/10/2011 16:05	92786	138.3	17.39	82.3	1.293	1.666	29.92	38.16	-15.25	22.9	268.1	5	0	0
14/10/2011 16:10	92787	108.1	17.27	82.5	1.573	1.986	33.23	28.59	-14.45	14.14	269.3	5	0	0
14/10/2011 16:15	92788	88.1	17.17	83.1	1.634	2.039	34.52	22.7	-13.01	9.69	268.4	5	0	0
14/10/2011 16:20	92789	100	17.19	83.1	1.368	2.305	33.95	26.66	-12.09	14.57	268.3	5	0	0
14/10/2011 16:25	92790	117.7	17.18	83.3	1.538	2.066	33.34	31.79	-13.01	18.78	268.3	5	0	0
14/10/2011 16:30	92791	132.6	17.2	83.4	1.37	1.773	34.42	36.31	-13.24	23.07	268.3	5	0	0
14/10/2011 16:35	92792	145.2	17.19	83.6	1.567	2.199	38.52	40.19	-13.78	26.41	268.3	5	0	0
14/10/2011 16:40	92793	144.5	17.2	83.8	1.653	2.039	39.96	40.2	-14.14	26.05	268.3	5	0	0
14/10/2011 16:45	92794	103.7	17.14	83.6	1.442	1.773	33.18	28.69	-13.31	15.38	268.3	5	0	0
14/10/2011 16:50	92795	74.75	17.09	83.5	1.53	2.039	39.49	20.35	-12.45	7.896	268.3	5	0	0
14/10/2011 16:55	92796	63.67	17.05	84	1.157	1.666	43.81	17.13	-11.93	5.209	268.4	5	0	0
14/10/2011 17:00	92797	41.61	17.1	84.3	1.051	1.293	40.45	10.58	-11.36	-0.784	268.4	5	0	0
14/10/2011 17:05	92798	34.44	17.05	84.3	1.144	1.426	38.8	8.6	-10.57	-1.963	268.5	5	0	0
14/10/2011 17:10	92799	30.76	17.01	84.6	1.12	1.4	39.26	7.725	-10.19	-2.463	268.6	5	0	0
14/10/2011 17:15	92800	30.38	16.97	84.6	0.979	1.293	43.19	7.731	-9.97	-2.242	268.6	5	0	0
14/10/2011 17:20	92801	31.03	16.96	84.6	1.147	1.693	42.35	8.01	-9.78	-1.777	268.6	5	0	0
14/10/2011 17:25	92802	39.9	16.96	85	1.109	1.48	40.54	10.75	-10.17	0.577	268.6	5	0	0
14/10/2011 17:30	92803	36.26	16.94	85	0.824	1	43.9	9.76	-10.91	-1.143	268.6	5	0	0
14/10/2011 17:35	92804	38.68	16.93	85	1.091	1.373	44.31	11.03	-11.14	-0.114	268.6	5	0	0
14/10/2011 17:40	92805	46.33	16.92	84.9	1.474	1.693	37.99	13.99	-12.12	1.876	268.6	5	0	0
14/10/2011 17:45	92806	37.85	16.94	84.8	1.418	1.693	32.38	11.84	-10.87	0.97	268.6	5	0	0
14/10/2011 17:50	92807	32.24	16.94	84.6	1.583	2.012	42.52	10.48	-9.89	0.584	268.7	5	0	0
14/10/2011 17:55	92808	23.59	16.96	84.5	1.557	2.066	44.13	8.06	-9.16	-1.105	268.7	5	0	0
14/10/2011 18:00	92809	14.86	16.96	84.6	1.325	1.613	40.38	5.265	-8.68	-3.418	268.7	5	0	0
14/10/2011 18:05	92810	7.719	16.95	84.8	1.101	1.773	30.44	1.808	-8.42	-6.61	268.7	5	0	0
14/10/2011 18:10	92811	3.734	16.9	84.9	1.104	1.4	35.42	0.56	-7.709	-7.149	268.8	5	0	0
14/10/2011 18:15	92812	1.846	16.88	85	0.923	1.16	38.77	0.015	-7.394	-7.379	268.8	5	0	0
14/10/2011 18:20	92813	0.652	16.87	85	0.88	1.187	43.38	-0.295	-7.23	-7.526	268.8	5	0	0
14/10/2011 18:25	92814	0.226	16.84	85.1	0.673	0.787	40.78	-0.444	-7.261	-7.704	268.8	5	0	0
14/10/2011 18:30	92815	0.042	16.82	85.3	0.606	0.761	47.49	-0.525	-7.361	-7.886	268.8	5	0	0
14/10/2011 18:35	92816	-0.017	16.78	85.4	0.723	0.894	43.82	-0.497	-7.179	-7.676	268.8	5	0	0
14/10/2011 18:40	92817	-0.033	16.76	85.6	0.662	0.734	43.57	-0.491	-7.055	-7.545	268.8	5	0	0
14/10/2011 18:45	92818	-0.05	16.73	85.7	0.566	0.627	41.57	-0.515	-7.152	-7.666	268.8	5	0	0
14/10/2011 18:50	92819	-0.092	16.71	86	0.558	0.707	46.35	-0.504	-7.076	-7.58	268.8	5	0	0
14/10/2011 18:55	92820	-0.067	16.69	86.1	0.555	0.627	42.6	-0.519	-7.512	-8.03	268.8	5	0	0
14/10/2011 19:00	92821	-0.067	16.68	86.3	0.553	0.761	49.33	-0.545	-7.343	-7.888	268.8	5	0	0
14/10/2011 19:05	92822	-0.067	16.67	86.4	0.499	0.574	44.94	-0.512	-6.97	-7.482	268.8	5	0	0
14/10/2011 19:10	92823	-0.042	16.66	86.5	0.686	0.947	40.7	-0.642	-8.4	-9.04	271.1	4	1	0
14/10/2011 19:15	92824	-0.058	16.66	86.6	1.024	1.213	39.15	-1.487	-11.49	-12.98	277.3	0	5	0
14/10/2011 19:20	92825	-0.033	16.63	86.9	1.139	1.453	36.61	-1.438	-11.27	-12.71	275.9	0	5	0
14/10/2011 19:25	92826	-0.017	16.6	87.1	1.49	1.719	40.58	-1.111	-9.15	-10.26	274.2	1.5	3.5	0
14/10/2011 19:30	92827	-0.008	16.61	87.1	1.778	2.172	38.05	-0.722	-7.676	-8.4	271.8	5	0	0
14/10/2011 19:35	92828	-0.008	16.61	87.1	1.458	1.879	42.93	-0.636	-8.49	-9.12	269.6	5	0	0
14/10/2011 19:40	92829	-0.05	16.6	87.2	1.304	1.533	40.55	-0.562	-8.43	-8.99	268.9	5	0	0
14/10/2011 19:45	92830	-0.008	16.58	87.3	1.376	1.906	41.75	-0.427	-6.807	-7.234	269.1	5	0	0
14/10/2011 19:50	92831	-0.033	16.57	87.3	1.099	1.533	45.57	-0.401	-6.338	-6.739	269.1	5	0	0
14/10/2011 19:55	92832	-0.017	16.57	87.4	0.739	0.894	42.03	-0.472	-7.091	-7.564	269.1	5	0	0
14/10/2011 20:00	92833	-0.025	16.56	87.4	0.702	1.213	39.52	-0.447	-7.073	-7.52	269.1	5	0	0
14/10/2011 20:05	92834	-0.042	16.55	87.5	0.662	1.08	45.56	-0.477	-7.319	-7.796	269.1	5	0	0
14/10/2011 20:10	92835	-0.025	16.55	87.5	1.227	1.533	42.95	-0.445	-7.052	-7.497	269.3	5	0	0
14/10/2011 20:15	92836	-0.084	16.51	87.7	1.544	1.826	44.15	-0.958	-8.29	-9.25	290.9	0.5	2	2.5
14/10/2011 20:20	92837	-0.067	16.46	87.9	1.157	1.426	36.23	-2.471	-5.22	-7.691	340.4	0	0	5
14/10/2011 20:25	92838	-0.067	16.42	88	0.83	1.08	46.44	-2.251	-3.588	-5.839	342.7	0	0	5
14/10/2011 20:30	92839	-0.117	16.36	88.4	0.979	1.293	30.11	-2.077	-3.337	-5.414	343.7	0	0	5
14/10/2011 20:35	92840	-0.142	16.28	89	1.096	1.267	32.21	-1.631	-3.204	-4.834	328.6	0	0	5
14/10/2011 20:40	92841	-0.167	16.23	89.5	1.32	1.799	35.59	-1.467	-3.225	-4.692	325	0	0	5
14/10/2011 20:45	92842	-0.175	16.19	89.7	1.224	1.48	38.41	-1.674	-2.946	-4.621	309.6	0	0	5
14/10/2011 20:50	92843	-0.201	16.12	90	1.088	1.346	56.65	-1.705	-2.622	-4.327	306.3	0	0	5
14/10/2011 20:55	92844	-0.251	16.04	90.3	0.83	1	64.08	-1.34	-2.519	-3.859	304	0	0	5
14/10/2011 21:00	92845	-0.234	15.97	90.6	0.816	1.053	66.76	-1.332	-2.713	-4.045	302.1	0	0	5
14/10/2011 21:05	92846	-0.251	15.92	90.9	0.811	0.894	66.61	-1.612	-2.295	-3.908	301	0	0	5
14/10/2011 21:10	92847	-0.251	15.87	91.2	0.747	0.92	64.25	-1.182	-2.347	-3.529	299.6	0	0	5
14/10/2011 21:15	92848	-0.267	15.83	91.2	0.528	0.867	53.64	-1.008	-2.695	-3.703	297.9	0	0	5
14/10/2011 21:20	92849	-0.334	15.81	91.4	0.593	0.761	70.45	-0.96	-2.856	-3.815	296.3	0	0	5
14/10/2011 21:25	92850	-0.384	15.82	91.6	0.598	0.84	63.15	-0.945	-2.834	-3.779	295.1	0	0	5
14/10/2011 21:30	92851	-0.401	15.81	91.8	0.729	0.92	69.94	-0.889	-2.783	-3.672	294.2	0	0	5
14/10/2011 21:35	92852	-0.418	15.81	91.9	0.423	0.654	65.62	-0.868	-2.777	-3.644	296.3	0	0	5
14/10/2011 21:40	92853	-0.418	15.83	92.2	0.803	1.16	69.38	-0.845	-2.75	-3.594	303.3	0	0	5
14/10/2011 21:45	92854	-0.443	15.84	92.3	0.582	0.867	77.81	-0.852	-2.644	-3.496	307.8	0	0	5
14/10/2011 21:50	92855	-0.426	15.82	92.4	0.541	0.814	78.1	-0.822	-2.656	-3.478	301.2	0	0	5
14/10/2011 21:55	92856	-0.476	15.83	92.6	0.691	0.814	66.8	-0.819	-2.628	-3.448	298.9	0	0	5
14/10/2011 22:00	92857	-0.46	15.82	92.6	0.303	0.601	51.56	-0.857	-2.641	-3.498	297.9	0	0	5
14/10/2011 22:05	92858	-0.434	15.81	92.7	0.083	0.468	53.91	-0.813	-2.68	-3.493	297.1	0	0	5
14/10/2011 22:10	92859	-0.46	15.83	92.8	0.651	0.894	47.49	-0.795	-2.619	-3.414	299.4	0	0	5
14/10/2011 22:15	92860	-0.46	15.83	92.9	0.47	0.601	52.9	-0.801	-2.656	-3.457	301.8	0	0	5
14/10/2011 22:20	92861	-0.468	15.82	92.9	0.422	0.521	52.71	-0.771	-2.707	-3.478	300.1	0	0	5
14/10/2011 22:25	92862	-0.434	15.81	93	0.667	0.947	52.51	-0.748	-2.725	-3.473	299.5	0	0	5
14/10/2011 22:30	92863	-0.602	15.81	93	0.768	0.814	81.5	-0.748	-2.656	-3.404	303.1	0	0	5
14/10/2011 22:35	92864	-0.668	15.82	93.1	0.638	0.761	131.5	-0.736	-2.668	-3.404	314	0	0	5
14/10/2011 22:40	92865	-0.643	15.81	93.1	0.808	1.133	127.5	-0.774	-2.628	-3.402	330.2	0	0	5
14/10/2011 22:45	92866	-0.76	15.8	93.2	0.995	1.16	107.5	-0.804	-2.526	-3.33	327.5	0	0	5
14/10/2011 22:50	92867	-0.677	15.78	93.3	1.453	1.906	118.4	-0.854	-2.519	-3.373	318.1	0	0	5
14/10/2011 22:55	92868	-0.693	15.77	93.3	1.203	1.426	84.4	-0.89	-2.507	-3.398	312.6	0	0	5
14/10/2011 23:00	92869	-0.702	15.76	93.4	1.101	1.426	115.6	-0.889	-2.532	-3.42	308.8	0	0	5
14/10/2011 23:05	92870	-0.677	15.75	93.4	1.008	1.293	92.9	-0.898	-2.489	-3.387	308.1	0	0	5
14/10/2011 23:10	92871	-0.677	15.77	93.4	1.037	1.373	117.7	-0.887	-2.477	-3.364	305.2	0	0	5
14/10/2011 23:15	92872	-0.668	15.76	93.4	1.077	1.453	109.6	-0.904	-2.477	-3.381	301.7	0	0	5
14/10/2011 23:20	92873	-0.635	15.73	93.5	1.341	1.56	110.4	-0.951	-2.483	-3.434	299	0	0	5
14/10/2011 23:25	92874	-0.602	15.72	93.4	0.995	1.373	78.85	-0.951	-2.468	-3.419	296.4	0	0	5
14/10/2011 23:30	92875	-0.585	15.72	93.5	1.147	1.586	107	-0.948	-2.489	-3.437	294	0	0	5
14/10/2011 23:35	92876	-0.585	15.72	93.5	1.181	1.506	131.1	-0.933	-2.371	-3.304	292	0	0	5
14/10/2011 23:40	92877	-0.577	15.72	93.5	1.128	1.533	108	-0.902	-2.426	-3.328	290.5	0	0	5
14/10/2011 23:45	92878	-0.51	15.72	93.5	1.014	1.373	125.3	-0.905	-2.486	-3.392	288.9	0	0	5
14/10/2011 23:50	92879	-0.51	15.72	93.5	0.718	0.947	120.8	-0.877	-2.516	-3.393	287.8	0	0	5
14/10/2011 23:55	92880	-0.501	15.71	93.5	0.694	0.867	100.1	-0.871	-2.577	-3.448	286.9	0	0	5
15/10/2011 0:00	92881	-0.518	15.7	93.5	0.886	1.187	91	-0.857	-2.613	-3.47	286.1	0	0	5
15/10/2011 0:05	92882	-0.526	15.71	93.6	0.681	0.84	99	-0.846	-2.55	-3.396	285.1	0	0	5
15/10/2011 0:10	92883	-0.493	15.71	93.6	0.88	1.107	107.9	-0.828	-2.532	-3.36	284.6	0	0	5
15/10/2011 0:15	92884	-0.51	15.71	93.6	0.902	1.053	121.9	-0.79	-2.456	-3.246	284.9	0	0	5
15/10/2011 0:20	92885	-0.493	15.71	93.7	0.902	1.16	89.3	-0.763	-2.42	-3.183	286	0	0	5
15/10/2011 0:25	92886	-0.443	15.73	93.7	0.61	1	84.4	-0.703	-2.444	-3.146	286.6	0	0	5
15/10/2011 0:30	92887	-0.485	15.73	93.7	0.406	0.734	131.9	-0.684	-2.513	-3.198	286.8	0	0	5
15/10/2011 0:35	92888	-0.518	15.73	93.7	0.485	0.601	115.5	-0.675	-2.571	-3.246	287.3	0	0	5
15/10/2011 0:40	92889	-0.476	15.75	93.8	0.506	0.707	123.9	-0.707	-2.595	-3.302	287.5	0	0	5
15/10/2011 0:45	92890	-0.476	15.75	93.8	0.369	0.574	133	-0.756	-2.532	-3.287	288.2	0	0	5
15/10/2011 0:50	92891	-0.468	15.72	93.8	0	0	124.2	-0.751	-2.553	-3.304	288.4	0	0	5
15/10/2011 0:55	92892	-0.476	15.72	93.8	0.078	0.414	107.8	-0.736	-2.613	-3.349	287.7	0	0	5
15/10/2011 1:00	92893	-0.485	15.73	93.9	0.505	0.627	100.6	-0.716	-2.562	-3.278	286.9	0	0	5
15/10/2011 1:05	92894	-0.501	15.72	93.9	0.635	0.734	83.8	-0.722	-2.504	-3.227	286.6	0	0	5
15/10/2011 1:10	92895	-0.468	15.7	93.9	0.848	1	102.8	-0.713	-2.468	-3.181	285.4	0	0	5
15/10/2011 1:15	92896	-0.485	15.7	93.9	0.657	0.92	109.9	-0.763	-2.468	-3.231	284.5	0	0	5
15/10/2011 1:20	92897	-0.451	15.69	93.9	0.577	0.707	110.2	-0.807	-2.441	-3.248	283.9	0	4	1
15/10/2011 1:25	92898	-0.434	15.67	93.9	0.627	0.787	128.5	-0.836	-2.407	-3.243	283.5	0	5	0
15/10/2011 1:30	92899	-0.451	15.67	94	0.674	0.92	99.8	-0.809	-2.392	-3.201	283.1	0	5	0
15/10/2011 1:35	92900	-0.443	15.66	94	0.673	0.867	98.7	-0.79	-2.438	-3.228	282.5	0	5	0
15/10/2011 1:40	92901	-0.46	15.66	94	0.638	0.814	121	-0.809	-2.432	-3.24	281.8	0	5	0
15/10/2011 1:45	92902	-0.46	15.65	94.1	0.675	1	97.1	-0.819	-2.441	-3.26	281.3	0	5	0
15/10/2011 1:50	92903	-0.46	15.65	94	0.888	1.107	131.8	-0.818	-2.368	-3.186	280.6	0	5	0
15/10/2011 1:55	92904	-0.476	15.64	94.1	0.963	1.426	118.5	-0.813	-2.317	-3.13	280	0	5	0
15/10/2011 2:00	92905	-0.468	15.63	94.1	0.715	0.974	106.5	-0.771	-2.359	-3.13	279.8	0	5	0
15/10/2011 2:05	92906	-0.443	15.63	94.1	0.651	0.894	131.3	-0.757	-2.417	-3.174	279.3	0	5	0
15/10/2011 2:10	92907	-0.443	15.63	94.1	0.694	0.92	151.5	-0.707	-2.41	-3.118	278.9	0	5	0
15/10/2011 2:15	92908	-0.468	15.63	94.2	0.523	0.787	152.3	-0.693	-2.501	-3.195	278.4	0	5	0
15/10/2011 2:20	92909	-0.468	15.64	94.2	0.984	1.107	130.3	-0.76	-2.447	-3.207	278.1	0	5	0
15/10/2011 2:25	92910	-0.426	15.62	94.2	0.8	1	103.5	-0.763	-2.395	-3.158	277.7	0	5	0
15/10/2011 2:30	92911	-0.418	15.63	94.2	1.227	1.48	117.4	-0.73	-2.45	-3.18	277.3	0	5	0
15/10/2011 2:35	92912	-0.426	15.62	94.2	1.173	1.48	126.2	-0.745	-2.401	-3.146	276.8	0	5	0
15/10/2011 2:40	92913	-0.418	15.63	94.2	0.992	1.267	109.4	-0.739	-2.444	-3.183	276.5	0	5	0
15/10/2011 2:45	92914	-0.426	15.64	94.3	1.205	1.506	77.86	-0.715	-2.423	-3.137	275.9	0	5	0
15/10/2011 2:50	92915	-0.434	15.67	94.3	1.365	1.719	83.3	-0.695	-2.477	-3.172	275.3	0	5	0
15/10/2011 2:55	92916	-0.376	15.68	94.2	0.846	1.666	109.1	-0.746	-2.51	-3.257	274.9	0	5	0
15/10/2011 3:00	92917	-0.418	15.7	94.2	1.232	1.719	75.13	-0.759	-2.607	-3.366	274.8	0	5	0
15/10/2011 3:05	92918	-0.409	15.73	94.2	0.952	1.32	95.2	-0.775	-2.607	-3.383	275	0	5	0
15/10/2011 3:10	92919	-0.384	15.74	94.1	1.032	1.293	104.5	-0.783	-2.628	-3.411	275	0	5	0
15/10/2011 3:15	92920	-0.384	15.75	94.1	0.958	1.533	99	-0.778	-2.65	-3.428	275.2	0	5	0
15/10/2011 3:20	92921	-0.376	15.78	94	0.987	1.267	100.7	-0.802	-2.71	-3.513	275.5	0	5	0
15/10/2011 3:25	92922	-0.376	15.78	94	0.678	0.894	128.8	-0.836	-2.698	-3.534	275.5	0	5	0
15/10/2011 3:30	92923	-0.384	15.79	94	0.867	1.08	130.1	-0.815	-2.616	-3.431	275.6	0	5	0
15/10/2011 3:35	92924	-0.401	15.79	93.9	0.974	1.373	141.6	-0.86	-2.656	-3.516	275.8	0	5	0
15/10/2011 3:40	92925	-0.359	15.77	93.9	0.326	0.814	127.1	-0.807	-2.677	-3.484	277.2	0	5	0
15/10/2011 3:45	92926	-0.384	15.77	93.9	0.742	0.947	133.5	-0.837	-2.529	-3.366	287.2	0	1.5	3.5
15/10/2011 3:50	92927	-0.401	15.76	94	0.918	1.346	151.1	-0.851	-2.38	-3.231	294.6	0	0	5
15/10/2011 3:55	92928	-0.418	15.76	94.1	1.232	1.32	149.7	-0.818	-2.289	-3.107	294.7	0	0	5
15/10/2011 4:00	92929	-0.426	15.77	94.1	1.035	1.267	121.5	-0.769	-2.304	-3.074	293.9	0	0	5
15/10/2011 4:05	92930	-0.376	15.77	94.1	0.771	1.053	124	-0.777	-2.338	-3.114	293.4	0	0	5
15/10/2011 4:10	92931	-0.376	15.77	94.1	0.814	1.08	122	-0.774	-2.314	-3.087	295.1	0	0	5
15/10/2011 4:15	92932	-0.368	15.76	94.1	0.702	0.974	130.2	-0.728	-2.314	-3.042	295.9	0	0	5
15/10/2011 4:20	92933	-0.376	15.75	94.2	0.643	0.814	118.6	-0.701	-2.365	-3.066	295.1	0	0	5
15/10/2011 4:25	92934	-0.334	15.76	94.3	0.955	1.133	129.6	-0.695	-2.295	-2.99	294.3	0	0	5
15/10/2011 4:30	92935	-0.368	15.78	94.3	0.753	0.974	0.214	-0.637	-2.235	-2.872	293.6	0	0	5
15/10/2011 4:35	92936	-0.393	15.79	94.3	0.501	0.761	112.5	-0.592	-2.262	-2.854	293	0	0	5
15/10/2011 4:40	92937	-0.384	15.8	94.3	0.031	0.308	85.2	-0.571	-2.389	-2.96	292.4	0	0	5
15/10/2011 4:45	92938	-0.334	15.83	94.4	0.174	0.494	106.2	-0.609	-2.495	-3.104	291.9	0	0	5
15/10/2011 4:50	92939	-0.326	15.84	94.4	0.521	0.681	129.6	-0.616	-2.429	-3.045	291.5	0	0	5
15/10/2011 4:55	92940	-0.334	15.85	94.4	0.579	0.707	149.8	-0.562	-2.311	-2.872	291.1	0	0	5
15/10/2011 5:00	92941	-0.334	15.85	94.4	0.539	0.654	131.7	-0.577	-2.335	-2.912	290.7	0	0	5
15/10/2011 5:05	92942	-0.301	15.87	94.5	0.683	1.08	129.8	-0.575	-2.416	-2.992	290.4	0	0	5
15/10/2011 5:10	92943	-0.058	15.89	94.5	1.067	1.267	122.4	-0.542	-2.323	-2.865	289.9	0	0	5
15/10/2011 5:15	92944	0.602	15.87	94.5	0.646	0.734	116.5	-0.38	-2.341	-2.721	289.5	0	0	5
15/10/2011 5:20	92945	1.688	15.88	94.5	0.47	0.547	111.6	-0.115	-2.456	-2.571	289.3	0	0	5
15/10/2011 5:25	92946	3.2	15.89	94.5	0.468	0.627	118.9	0.323	-2.574	-2.251	289	0	0	5
15/10/2011 5:30	92947	5.456	15.9	94.6	0.515	0.627	120.8	1.073	-2.622	-1.549	288.6	0	0	5
15/10/2011 5:35	92948	8.08	15.89	94.5	0.031	0.308	152.1	1.977	-2.701	-0.724	288.2	0	0	5
15/10/2011 5:40	92949	11.01	15.9	94.6	0	0	12.57	2.931	-2.756	0.176	287.6	0	0	5
15/10/2011 5:45	92950	13.03	15.91	94.6	0.295	0.494	1.924	3.538	-2.853	0.686	286.8	0	0	5
15/10/2011 5:50	92951	16.08	15.93	94.6	0.266	0.441	140.8	4.404	-3.013	1.391	285.8	0	0	5
15/10/2011 5:55	92952	17.65	15.96	94.6	0.064	0.334	69.64	4.784	-3.18	1.605	284.9	0	0	5
15/10/2011 6:00	92953	20.76	16.02	94.6	0	0	61.8	5.588	-3.246	2.342	283.4	0	4.5	0.5
15/10/2011 6:05	92954	23.94	16.03	94.6	0	0	52.89	6.409	-3.395	3.015	282	0	5	0
15/10/2011 6:10	92955	26.6	16.06	94.6	0	0	68.29	7.093	-3.531	3.563	280.8	0	5	0
15/10/2011 6:15	92956	28.38	16.1	94.6	0	0	54.26	7.561	-3.507	4.055	279.5	0	5	0
15/10/2011 6:20	92957	33.63	16.15	94.6	0	0	24.25	9.05	-3.658	5.393	278.4	0	5	0
15/10/2011 6:25	92958	37.35	16.16	94.6	0	0	20.53	10.11	-3.806	6.302	277.4	0	5	0
15/10/2011 6:30	92959	41.33	16.22	94.6	0	0	19.05	11.28	-3.809	7.469	276.7	0	5	0
15/10/2011 6:35	92960	47.06	16.25	94.6	0	0	18.16	12.86	-4.003	8.86	275.8	0	5	0
15/10/2011 6:40	92961	53.49	16.3	94.5	0	0	171.7	14.76	-4.285	10.47	275	0	5	0
15/10/2011 6:45	92962	68.01	16.31	94.5	0.394	0.681	175.6	18.88	-4.715	14.17	274.5	0	5	0
15/10/2011 6:50	92963	99.8	16.37	94.5	0.822	1.133	170.3	28.12	-5.496	22.63	274.6	0	5	0
15/10/2011 6:55	92964	122.7	16.47	94.4	0.904	1.267	182.2	34.88	-6.398	28.49	275.3	0	5	0
15/10/2011 7:00	92965	112	16.55	94.3	0.838	1	242	31.74	-6.862	24.88	275.9	0	5	0
15/10/2011 7:05	92966	124.7	16.6	94.2	0.835	0.974	234	35.42	-7.967	27.45	275.7	0	5	0
15/10/2011 7:10	92967	144.7	16.64	94.1	0.888	1.08	236.7	41.03	-10.6	30.43	275.2	0	5	0
15/10/2011 7:15	92968	161.4	16.71	93.7	1.277	1.533	208.9	45.79	-11.81	33.98	274.8	0	5	0
15/10/2011 7:20	92969	188	16.77	93.4	1.434	1.666	208.1	53.7	-12.29	41.42	274.6	0	5	0
15/10/2011 7:25	92970	208.2	16.87	93.1	1.264	1.746	199.2	59.66	-13.76	45.9	274.3	0	5	0
15/10/2011 7:30	92971	206.5	16.95	92.8	1.28	1.773	208.7	59.05	-14.28	44.78	274	2	3	0
15/10/2011 7:35	92972	231.4	17.04	92.7	1.41	1.666	205.2	66.45	-14.56	51.89	273.6	5	0	0
15/10/2011 7:40	92973	263	17.16	92	1.586	1.852	155.2	76.52	-15.19	61.33	273.4	5	0	0
15/10/2011 7:45	92974	335.2	17.29	91.9	1.408	1.666	169.6	98.8	-16.7	82.1	272.8	5	0	0
15/10/2011 7:50	92975	397.3	17.42	91.2	1.474	1.932	197.4	118	-19.85	98.1	272.1	5	0	0
15/10/2011 7:55	92976	415.5	17.61	90.8	1.432	1.719	200.9	123.2	-22.68	100.5	271.6	5	0	0
15/10/2011 8:00	92977	494.6	17.69	89.7	1.464	1.719	181.6	147.5	-26.18	121.3	271	5	0	0
15/10/2011 8:05	92978	615.7	17.88	88.8	1.432	1.959	165.7	185.5	-30.82	154.7	270.5	5	0	0
15/10/2011 8:10	92979	704.4	18.13	87.6	1.583	1.986	130.7	214	-34.8	179.2	269.8	5	0	0
15/10/2011 8:15	92980	787.9	18.44	87.4	1.33	1.826	160.3	238.7	-46.26	192.4	269.2	5	0	0
15/10/2011 8:20	92981	885	18.8	85.3	1.514	1.906	145.9	270.1	-58.23	211.8	268.6	5	0	0
15/10/2011 8:25	92982	814	19.02	83.4	1.986	2.359	148.3	242.5	-55.22	187.2	267.8	5	0	0
15/10/2011 8:30	92983	1031	19.13	83.2	2.297	3.051	143.8	310.1	-69.46	240.6	267.8	5	0	0
15/10/2011 8:35	92984	1056	19.21	82.9	2.577	3.024	146.5	318.1	-76.6	241.5	267.4	5	0	0
15/10/2011 8:40	92985	1292	19.39	82.7	1.991	2.705	139.8	398.3	-82.1	316.2	267.3	5	0	0
15/10/2011 8:45	92986	1269	19.96	79.8	1.677	2.438	150.7	396.8	-85.7	311.1	267	5	0	0
15/10/2011 8:50	92987	1146	20.15	78.97	1.496	2.492	149.1	344.5	-81	263.5	266.7	5	0	0
15/10/2011 8:55	92988	1490	20.3	80.2	1.602	2.145	174.6	471	-72.45	398.5	266.7	5	0	0
15/10/2011 9:00	92989	733.1	20.72	77.3	1.522	1.906	140	219.2	-65.16	154	265.8	5	0	0
15/10/2011 9:05	92990	583.3	20.33	77.4	1.916	2.385	154.4	162.1	-65.29	96.8	266.1	5	0	0
15/10/2011 9:10	92991	747.2	20.27	75.82	1.565	1.906	162.1	211.8	-72.53	139.3	266.5	5	0	0
15/10/2011 9:15	92992	1469	20.45	75.74	1.416	1.986	80.3	453.1	-71.1	382	266.8	5	0	0
15/10/2011 9:20	92993	1473	20.85	73.37	1.131	1.613	93.1	464.9	-79.46	385.4	266.1	5	0	0
15/10/2011 9:25	92994	1027	20.9	72.69	1.725	2.492	121.7	310.6	-76.79	233.8	265.9	5	0	0
15/10/2011 9:30	92995	1314	21.04	69.78	1.405	1.959	149.8	404.2	-78.47	325.7	266.3	5	0	0
15/10/2011 9:35	92996	1311	21.45	67.32	0.83	1.506	5.388	405.5	-85.5	320	266	5	0	0
15/10/2011 9:40	92997	1654	22.18	67.18	0.838	1.08	117.1	508.9	-96.9	412.1	265.9	5	0	0
15/10/2011 9:45	92998	1647	22.23	65.28	1.346	2.012	26.24	508.1	-94.3	413.8	265.2	5	0	0
15/10/2011 9:50	92999	969	22.04	65	1.37	2.359	83	285.2	-80.3	204.9	265.2	5	0	0
15/10/2011 9:55	93000	903	21.68	66.17	1.578	1.986	164.3	269.4	-74.3	195.1	265.6	5	0	0
15/10/2011 10:00	93001	1388	21.68	66.06	1.157	1.533	87.5	433.1	-87.1	346	265.9	5	0	0
15/10/2011 10:05	93002	1934	22.37	63.03	1.256	1.639	55.25	609.9	-96.7	513.3	265.8	5	0	0
15/10/2011 10:10	93003	1611	22.9	62.32	1.477	2.252	209.6	515	-77.54	437.5	265.7	5	0	0
15/10/2011 10:15	93004	790	22.59	62.22	0.91	1.613	108	237.3	-49.43	187.8	264.7	5	0	0
15/10/2011 10:20	93005	928	22.21	63.94	1.221	1.639	29.75	280.7	-49.27	231.4	265.2	5	0	0
15/10/2011 10:25	93006	804	22.13	64.09	1.967	3.291	110.1	240.4	-56.9	183.5	265.4	5	0	0
15/10/2011 10:30	93007	1580	22.05	62.98	1.538	1.879	133.7	495	-79.5	415.5	265.8	5	0	0
15/10/2011 10:35	93008	1865	22.45	61	1.89	2.651	134.8	573.5	-100.9	472.6	265.4	5	0	0
15/10/2011 10:40	93009	1984	22.55	62.66	2.097	2.785	136.5	627.4	-107.8	519.5	265.5	5	0	0
15/10/2011 10:45	93010	2007	22.88	61.06	1.418	2.705	200.5	630.8	-111.6	519.2	265.6	5	0	0
15/10/2011 10:50	93011	1761	23.35	61.94	0.931	1.373	209.6	543.7	-112.3	431.4	265.2	5	0	0
15/10/2011 10:55	93012	1922	23.38	62.09	1.658	2.572	24.7	605.2	-115.9	489.3	265	5	0	0
15/10/2011 11:00	93013	1939	23.35	61.34	1.581	2.145	107.4	604.2	-115.6	488.6	265.2	5	0	0
15/10/2011 11:05	93014	1737	23.33	58.45	1.549	2.066	79.75	551.4	-113	438.4	264.7	5	0	0
15/10/2011 11:10	93015	1592	23.51	59.04	1.381	2.385	179.8	485.9	-108	377.8	265	5	0	0
15/10/2011 11:15	93016	1329	23.4	59.86	1.024	1.346	90.3	409.4	-97.1	312.2	264.9	5	0	0
15/10/2011 11:20	93017	1093	23.27	62.26	1.493	1.959	68.7	326.2	-95.2	231	264.8	5	0	0
15/10/2011 11:25	93018	1834	23.34	59.05	1.599	2.438	53.92	579.2	-109.1	470	265.3	5	0	0
15/10/2011 11:30	93019	1918	23.61	58.59	1.45	2.438	58.92	594.2	-114.8	479.4	265.2	5	0	0
15/10/2011 11:35	93020	1739	23.83	56.79	1.147	1.773	7.035	541.3	-116.3	425	265.2	5	0	0
15/10/2011 11:40	93021	1979	24.04	56.44	1.144	2.359	155.2	614.4	-115.6	498.7	265.3	5	0	0
15/10/2011 11:45	93022	1833	24.37	56.26	1.08	1.32	6.288	558.8	-114.4	444.3	265.2	5	0	0
15/10/2011 11:50	93023	1880	24.76	59.56	1.016	1.48	26.92	583.5	-117	466.5	264.9	5	0	0
15/10/2011 11:55	93024	2066	24.86	57.08	1.301	1.773	53.86	650.7	-118.1	532.7	264.9	5	0	0
15/10/2011 12:00	93025	1929	24.83	52.97	1.536	2.012	93.1	608.8	-119.6	489.2	264.9	5	0	0
15/10/2011 12:05	93026	1871	24.68	56.56	1.52	2.465	71.78	586.2	-112.3	473.8	265	5	0	0
15/10/2011 12:10	93027	2060	24.88	55.22	1.424	2.438	59.28	652.1	-111.9	540.2	265.1	5	0	0
15/10/2011 12:15	93028	1537	25.07	52.67	1.203	2.279	73.29	460	-107	353	265	5	0	0
15/10/2011 12:20	93029	2030	24.95	55.13	1.517	2.066	62.9	639.5	-111.6	528	265.1	5	0	0
15/10/2011 12:25	93030	2053	25.16	53.9	1.621	2.252	115.6	648.9	-108.6	540.3	265.2	5	0	0
15/10/2011 12:30	93031	1152	25.41	52.38	1.027	1.693	136.7	341.2	-91.7	249.5	265	5	0	0
15/10/2011 12:35	93032	1100	24.87	53.44	1.815	2.625	111.3	316.4	-86.1	230.3	264.9	5	0	0
15/10/2011 12:40	93033	1793	25.03	53.33	1.288	1.586	89.5	557.9	-102.3	455.7	265.3	5	0	0
15/10/2011 12:45	93034	2064	25.57	51.88	1.413	1.932	58.55	659.7	-106.6	553.1	265.3	5	0	0
15/10/2011 12:50	93035	2125	25.77	48.48	1.89	2.518	107.8	674.7	-103.5	571.3	265.2	5	0	0
15/10/2011 12:55	93036	1370	25.67	49.4	1.397	2.572	103.1	412.1	-92.3	319.8	265.1	5	0	0
15/10/2011 13:00	93037	890	25.71	51.72	1.943	3.477	127.2	260.7	-70.74	190	265.1	5	0	0
15/10/2011 13:05	93038	1615	25.51	50.39	1.773	2.225	137	513.7	-76.74	436.9	265.1	5	0	0
15/10/2011 13:10	93039	1489	25.67	50.44	1.735	2.172	89.2	463.4	-86.7	376.7	265	5	0	0
15/10/2011 13:15	93040	633.2	25.46	50.51	1.578	1.906	122.5	185.8	-63.36	122.4	264.9	5	0	0
15/10/2011 13:20	93041	572.2	25.07	51.51	1.938	2.385	74.5	167.3	-60.91	106.4	265	5	0	0
15/10/2011 13:25	93042	1378	25.01	51.1	2.018	2.891	123.5	420.1	-80.6	339.5	265.2	5	0	0
15/10/2011 13:30	93043	1605	25.37	50.17	2.452	3.45	75.8	510.9	-101.7	409.2	265.2	5	0	0
15/10/2011 13:35	93044	1761	25.93	51.41	1.195	2.092	66.98	558.6	-108.2	450.5	265.5	5	0	0
15/10/2011 13:40	93045	1240	26.06	49.91	2.148	2.891	54.85	382.1	-98.2	284	265.4	5	0	0
15/10/2011 13:45	93046	774.8	25.4	49.73	2.649	3.717	64.54	227	-79.35	147.7	265.3	5	0	0
15/10/2011 13:50	93047	889	25.23	49.83	1.844	2.625	54.97	264.1	-81.6	182.5	265.4	5	0	0
15/10/2011 13:55	93048	514.1	25.19	49.28	1.77	2.625	96	145.8	-67.19	78.64	265.3	5	0	0
15/10/2011 14:00	93049	576.1	25.21	48.61	1.155	1.533	179.4	168.6	-60.89	107.7	265.3	5	0	0
15/10/2011 14:05	93050	570.4	25.33	49.85	1.037	1.586	177.6	166.1	-56.55	109.6	265.3	5	0	0
15/10/2011 14:10	93051	693	25.57	50.73	0.715	1.16	41.46	204.2	-54.89	149.3	265.3	5	0	0
15/10/2011 14:15	93052	709.7	25.82	52.81	0.971	1.32	2.432	209.2	-57.09	152.1	265.3	5	0	0
15/10/2011 14:20	93053	646.9	25.55	51.5	1.53	1.986	209.7	190.1	-57.87	132.2	265.3	5	0	0
15/10/2011 14:25	93054	477.6	25.34	52.03	1.243	1.746	175.8	137.5	-60.01	77.44	265.1	5	0	0
15/10/2011 14:30	93055	386.4	25.39	51.66	0.75	2.252	133	107.2	-64.31	42.87	265.2	5	0	0
15/10/2011 14:35	93056	509.7	25.14	49.9	1.069	1.719	110.3	143.5	-61.8	81.7	265.3	5	0	0
15/10/2011 14:40	93057	683.7	25.37	52.17	0.926	1.373	19.22	197.4	-62.32	135.1	265.5	5	0	0
15/10/2011 14:45	93058	917	25.85	47.64	0.705	0.92	36.8	273.6	-66.95	206.7	265.5	5	0	0
15/10/2011 14:50	93059	1108	26.21	52.58	1.077	1.799	21.62	334	-68.94	265.1	265.5	5	0	0
15/10/2011 14:55	93060	1016	25.81	53.66	1.669	2.066	6.62	298.7	-65.83	232.8	265.4	5	0	0
15/10/2011 15:00	93061	1623	26.1	48.92	1.986	2.412	5.766	509.2	-79.41	429.8	265.6	5	0	0
15/10/2011 15:05	93062	1386	26.12	49.47	2.377	3.291	1.981	429.9	-86.7	343.1	265.4	5	0	0
15/10/2011 15:10	93063	1253	26.03	52.86	2.103	2.865	9.27	391.7	-88.5	303.1	265.4	5	0	0
15/10/2011 15:15	93064	1244	26.34	48.4	1.695	2.066	10.16	388.9	-85.3	303.6	265.5	5	0	0
15/10/2011 15:20	93065	1208	26.4	49.19	1.629	2.092	5.742	378.3	-80.9	297.4	265.5	5	0	0
15/10/2011 15:25	93066	1181	26.48	50.73	1.2	1.826	133.9	370.2	-81.9	288.3	265.4	5	0	0
15/10/2011 15:30	93067	1126	27.03	50.87	1.016	1.986	6.964	350.4	-83.6	266.9	265.3	5	0	0
15/10/2011 15:35	93068	1055	26.77	48.52	1.898	2.572	39.07	329.2	-84.2	245.1	265.2	5	0	0
15/10/2011 15:40	93069	987	26.41	49.44	1.291	1.932	34.51	306.9	-88.3	218.5	265.4	5	0	0
15/10/2011 15:45	93070	969	26.34	48.99	1.919	2.385	41.58	303.6	-79.64	224	265.4	5	0	0
15/10/2011 15:50	93071	931	25.93	50.87	2.233	3.317	23.82	292.8	-76.32	216.4	265.4	5	0	0
15/10/2011 15:55	93072	866	25.88	49.88	2.02	2.572	31.6	272.8	-77.33	195.4	265.4	5	0	0
15/10/2011 16:00	93073	850	25.95	52.09	1.634	2.359	34.24	266	-76.35	189.7	265.4	5	0	0
15/10/2011 16:05	93074	779	26.05	51.29	1.552	2.199	21.97	243.1	-79.51	163.6	265.4	5	0	0
15/10/2011 16:10	93075	708.8	26.18	48.84	1.938	2.305	25.4	219.7	-82	137.8	265.4	5	0	0
15/10/2011 16:15	93076	663.5	25.96	49.14	1.855	2.332	23.6	204.1	-80.6	123.5	265.4	5	0	0
15/10/2011 16:20	93077	617.7	26.01	48.35	1.781	2.305	21.63	190.3	-79.77	110.5	265.4	5	0	0
15/10/2011 16:25	93078	592.5	26.08	49.24	1.088	1.4	38.82	181.3	-76.26	105.1	265.4	5	0	0
15/10/2011 16:30	93079	588.9	26.07	49.11	1.685	2.332	21.25	180.5	-75.67	104.8	265.4	5	0	0
15/10/2011 16:35	93080	548.4	26.03	50.14	1.922	2.385	27.07	167.2	-74.78	92.4	265.4	5	0	0
15/10/2011 16:40	93081	485.9	25.99	49.49	1.298	2.039	25.97	146.7	-77.52	69.18	265.5	5	0	0
15/10/2011 16:45	93082	427.9	26.2	52.05	0.958	1.719	4.224	127.8	-78.08	49.67	265.5	5	0	0
15/10/2011 16:50	93083	382.1	26.31	48.78	1.037	1.56	5.885	113.3	-76.65	36.67	265.5	5	0	0
15/10/2011 16:55	93084	345.8	26.06	51.44	1.472	1.986	0.605	102.6	-73.94	28.66	265.5	5	0	0
15/10/2011 17:00	93085	315.3	25.81	49.09	1.797	2.332	2.302	93.5	-71.61	21.86	265.5	5	0	0
15/10/2011 17:05	93086	287.9	25.7	50.27	1.37	1.799	8.82	85.3	-70.23	15.07	265.5	5	0	0
15/10/2011 17:10	93087	262	25.77	49.2	1.141	1.48	3.097	76.97	-69.86	7.113	265.5	5	0	0
15/10/2011 17:15	93088	223.8	25.82	47.83	1.109	1.48	3.927	64.17	-68.08	-3.908	265.5	5	0	0
15/10/2011 17:20	93089	133.2	25.73	50.71	0.55	1.053	63.74	27.46	-65.45	-37.99	265.4	5	0	0
15/10/2011 17:25	93090	108.1	25.38	48.92	0.955	1.187	2.456	24.67	-61.37	-36.7	265.5	5	0	0
15/10/2011 17:30	93091	84.6	25.28	50.79	0.814	1.08	1.531	18.32	-56.42	-38.09	265.5	5	0	0
15/10/2011 17:35	93092	87.7	24.99	52.13	1.224	1.32	0.641	21.29	-47.83	-26.54	265.5	5	0	0
15/10/2011 17:40	93093	81	24.82	52.28	1.187	1.346	0.51	19.94	-46.88	-26.95	265.5	5	0	0
15/10/2011 17:45	93094	56.37	24.74	52.39	0.976	1.027	-3.346	11.39	-53	-41.61	265.5	5	0	0
15/10/2011 17:50	93095	39.49	24.64	57.64	0.944	1.107	38.39	6.383	-50.91	-44.53	265.6	5	0	0
15/10/2011 17:55	93096	31.26	23.71	59.39	0.617	0.787	37.97	5.025	-41.34	-36.31	265.9	5	0	0
15/10/2011 18:00	93097	25.41	23.07	61.71	0.45	0.601	23.53	4.427	-33.79	-29.36	266	5	0	0
15/10/2011 18:05	93098	18.21	22.87	62.43	0.281	0.601	27.59	3.1	-34.46	-31.36	266.2	5	0	0
15/10/2011 18:10	93099	10.87	23.01	61.91	0.667	0.787	31.78	1.322	-37.99	-36.67	266.2	5	0	0
15/10/2011 18:15	93100	5.754	22.91	64.16	0.103	0.361	31.21	-0.531	-33.27	-33.8	266.6	5	0	0
15/10/2011 18:20	93101	2.28	22.51	66.1	0.031	0.308	14.49	-1.032	-26.76	-27.8	266.9	5	0	0
15/10/2011 18:25	93102	0.067	22.14	65.59	1.229	1.639	12.82	-0.651	-22.06	-22.72	266.9	5	0	0
15/10/2011 18:30	93103	-0.342	22.64	64.12	0.824	1.08	18.36	-0.153	-14.71	-14.86	266.8	5	0	0
15/10/2011 18:35	93104	-0.576	23.03	64.02	1.349	1.932	13.48	-0.283	-14.82	-15.11	266.7	5	0	0
15/10/2011 18:40	93105	-0.585	23.21	63.98	1.448	1.773	20.21	-0.785	-19.76	-20.55	266.7	5	0	0
15/10/2011 18:45	93106	-0.585	23.18	64.46	0.979	1.32	22.41	-0.807	-14.38	-15.19	266.7	5	0	0
15/10/2011 18:50	93107	-0.585	23.08	64.92	1.093	1.453	17.96	-0.731	-14.02	-14.75	266.7	5	0	0
15/10/2011 18:55	93108	-0.601	22.99	65.55	1.179	1.586	15.96	-0.947	-19.23	-20.18	266.7	5	0	0
15/10/2011 19:00	93109	-0.676	22.93	65.59	1.163	1.56	19.5	-1.002	-18.9	-19.9	266.7	5	0	0
15/10/2011 19:05	93110	-0.76	22.81	66.61	0.707	1.32	19.37	-1.304	-23.35	-24.65	266.7	5	0	0
15/10/2011 19:10	93111	-0.902	22.62	66.98	0.854	1.187	13.72	-2.029	-39.98	-42.01	266.8	5	0	0
15/10/2011 19:15	93112	-1.061	22.57	67.28	0.966	1.267	11.04	-2.591	-48.1	-50.69	266.9	5	0	0
15/10/2011 19:20	93113	-1.612	22.39	68.15	1.621	2.225	12	-2.615	-52.98	-55.6	266.9	5	0	0
15/10/2011 19:25	93114	-1.403	22.25	68.71	1.677	2.092	10.59	-2.724	-55.09	-57.81	266.9	5	0	0
15/10/2011 19:30	93115	-1.128	22.16	69.18	1.453	1.826	14.05	-2.847	-54.73	-57.58	267	5	0	0
15/10/2011 19:35	93116	-1.036	22.11	69.36	1.346	1.639	9.61	-2.81	-53.03	-55.84	267	5	0	0
15/10/2011 19:40	93117	-1.019	22.11	69.31	1.267	1.48	6.943	-2.76	-52.27	-55.03	267.1	5	0	0
15/10/2011 19:45	93118	-1.027	22.09	69.28	1.434	1.932	7.596	-2.642	-52.84	-55.48	267.1	5	0	0
15/10/2011 19:50	93119	-1.069	21.98	70.2	1.365	1.826	7.81	-2.812	-52.96	-55.78	267.2	5	0	0
15/10/2011 19:55	93120	-1.128	21.84	70.82	1.237	1.48	8.91	-2.771	-52.44	-55.21	267.3	5	0	0
15/10/2011 20:00	93121	-1.169	21.78	71.37	1.125	1.213	4.783	-2.667	-50.63	-53.3	267.4	5	0	0
15/10/2011 20:05	93122	-1.169	21.67	72.09	0.984	1.107	4.582	-2.573	-49.29	-51.86	267.7	5	0	0
15/10/2011 20:10	93123	-1.253	21.45	73.26	0.798	1.08	1.638	-2.322	-48.03	-50.35	267.9	5	0	0
15/10/2011 20:15	93124	-1.311	21.22	73.3	0.902	1.613	43.78	-2.511	-48.86	-51.37	268.2	5	0	0
15/10/2011 20:20	93125	-1.336	19.65	78.77	1.117	1.639	34.32	-3.306	-50.9	-54.2	268.4	5	0	0
15/10/2011 20:25	93126	-1.345	18.74	82.2	0.545	0.654	21.84	-3.378	-48.93	-52.31	268.5	5	0	0
15/10/2011 20:30	93127	-1.47	18.7	83.8	0.365	0.494	23.42	-2.982	-47.5	-50.48	268.3	5	0	0
15/10/2011 20:35	93128	-1.504	18.91	84.2	0.031	0.308	21.09	-2.678	-46.37	-49.05	267.6	5	0	0
15/10/2011 20:40	93129	-1.504	18.95	83.7	0.148	0.654	42.97	-2.588	-46.1	-48.68	266.8	5	0	0
15/10/2011 20:45	93130	-1.462	18.44	84.6	0.84	1	35.64	-2.672	-47.52	-50.19	267.4	5	0	0
15/10/2011 20:50	93131	-1.462	18.21	85.8	0.371	0.654	33.7	-2.555	-46.08	-48.63	269.2	5	0	0
15/10/2011 20:55	93132	-1.437	18.29	86.2	0	0	30.3	-2.41	-44.75	-47.16	271.1	5	0	0
15/10/2011 21:00	93133	-1.37	18.24	86.5	0	0	51.59	-2.062	-43.96	-46.02	273.4	3.5	1.5	0
15/10/2011 21:05	93134	-1.395	18.14	87.2	0	0	19.47	-2.081	-42.82	-44.91	276.1	0	5	0
15/10/2011 21:10	93135	-1.412	18.32	88	0.493	0.814	21.7	-1.986	-40.4	-42.39	277.8	0	5	0
15/10/2011 21:15	93136	-1.462	18.36	87.9	0.657	0.84	18.58	-2.074	-38.37	-40.45	280	0	5	0
15/10/2011 21:20	93137	-1.462	18.29	88	0.657	0.787	13.34	-2.225	-36.42	-38.65	283.6	0	3	2
15/10/2011 21:25	93138	-1.462	18.3	88	0.078	0.414	9.88	-2.269	-35.55	-37.82	287.2	0	0	5
15/10/2011 21:30	93139	-1.504	18.35	87.9	0.236	0.547	41.97	-1.9	-34.2	-36.1	291.2	0	0	5
15/10/2011 21:35	93140	-1.512	18.4	88.2	0.521	0.707	36.38	-1.874	-31.69	-33.57	294.3	0	0	5
15/10/2011 21:40	93141	-1.554	18.49	88.1	0.609	0.814	3.431	-1.739	-30.84	-32.58	297.9	0	0	5
15/10/2011 21:45	93142	-1.587	18.52	87.1	0.742	0.92	4.915	-1.914	-29.79	-31.71	301.1	0	0	5
15/10/2011 21:50	93143	-1.571	18.2	87.5	0.183	0.414	12.63	-2.725	-30.06	-32.79	304.8	0	0	5
15/10/2011 21:55	93144	-1.512	18.04	87.7	0	0	10.12	-2.568	-28.78	-31.35	307.7	0	0	5
15/10/2011 22:00	93145	-1.445	17.72	87.4	0	0	54.69	-2.628	-27.51	-30.13	310.4	0	0	5
15/10/2011 22:05	93146	-1.412	17.39	89.3	0.183	0.787	21.21	-2.226	-25.1	-27.32	313.4	0	0	5
15/10/2011 22:10	93147	-1.479	17.7	90	0.816	0.92	19.7	-1.593	-21.52	-23.11	318	0	0	5
15/10/2011 22:15	93148	-1.554	17.82	89.9	0.763	0.894	14.89	-1.79	-20.24	-22.03	322.5	0	0	5
15/10/2011 22:20	93149	-1.537	17.63	89.5	0.729	0.814	4.916	-1.918	-20.82	-22.74	324.7	0	0	5
15/10/2011 22:25	93150	-1.454	17.23	89.1	0.244	0.654	-3.788	-2.442	-21.94	-24.38	326.9	0	0	5
15/10/2011 22:30	93151	-1.404	16.88	89.4	0	0	53.04	-2.504	-21.3	-23.81	328.6	0	0	5
15/10/2011 22:35	93152	-1.379	16.53	90.1	0.963	1.32	50.88	-2.083	-21.05	-23.14	330.9	0	0	5
15/10/2011 22:40	93153	-1.37	16.6	91	0.75	1.426	38.15	-2.009	-20.62	-22.63	334.7	0	0	5
15/10/2011 22:45	93154	-1.354	16.54	91.2	0.13	0.574	57.38	-2.418	-19.26	-21.68	338.1	0	0	5
15/10/2011 22:50	93155	-1.354	16.62	91.7	0.446	0.707	89.9	-1.794	-16.9	-18.7	341.2	0	0	5
15/10/2011 22:55	93156	-1.387	16.64	92.2	0	0	69.2	-1.838	-16.73	-18.56	342.4	0	0	5
15/10/2011 23:00	93157	-1.42	16.7	92.4	0	0	108.7	-1.843	-15.54	-17.38	341.7	0	0	5
15/10/2011 23:05	93158	-1.42	16.73	91.6	0.619	0.734	56.88	-1.95	-14.8	-16.75	343.1	0	0	5
15/10/2011 23:10	93159	-1.387	16.04	92.2	0.579	0.707	60.35	-2.271	-15.67	-17.94	344.4	0	0	5
15/10/2011 23:15	93160	-1.345	16.01	92.8	0.537	0.627	63.71	-1.855	-14.95	-16.8	346.7	0	0	5
15/10/2011 23:20	93161	-1.337	16.06	92.8	0.219	0.441	-1.603	-1.888	-15.4	-17.29	346.9	0	0	5
15/10/2011 23:25	93162	-1.379	16.24	93.8	0.667	1.027	6.84	-0.963	-14.67	-15.63	346.8	0	0	5
15/10/2011 23:30	93163	-1.421	16.36	93.1	0.875	1.027	7.838	-1.311	-15.07	-16.38	347.2	0	0	5
15/10/2011 23:35	93164	-1.421	16.2	93	1.006	1.4	-1.235	-1.46	-16.38	-17.84	343.6	0	0	5
15/10/2011 23:40	93165	-1.421	16.22	91.9	1.245	1.56	108.8	-1.62	-18.65	-20.27	337.6	0	0	5
15/10/2011 23:45	93166	-1.421	16.14	91.2	1.637	1.932	112.9	-1.881	-20.09	-21.97	336.8	0	0	5
15/10/2011 23:50	93167	-1.412	16.3	89.9	1.2	1.826	6.187	-2.058	-20.68	-22.73	336.4	0	0	5
15/10/2011 23:55	93168	-1.421	16.3	89.7	1.171	1.4	-2.066	-2.246	-21.08	-23.33	336.4	0	0	5
