"TOA5","WTC11","CR1000","33275","CR1000.Std.19","CPU:WTCsensors_Ch11.CR1","30773","Table1"
"TIMESTAMP","RECORD","VW_Avg(1)","VW_Avg(2)","VW_Avg(3)","SoilTempProbe_Avg(1)","SoilTempProbe_Avg(2)","SoilTempProbe_Avg(3)","SoilTempProbe_Avg(4)","SoilTempProbe_Avg(5)","SoilTempProbe_Avg(6)","SoilTemp_Avg(1)","SoilTemp_Avg(2)","BattV_Min","PTemp"
"TS","RN","","","","Deg C","Deg C","Deg C","Deg C","Deg C","Deg C","Deg C","Deg C","Volts",""
"","","Avg","Avg","Avg","Avg","Avg","Avg","Avg","Avg","Avg","Avg","Avg","Min","Smp"
"2011-10-09 00:00:00",24999,0.098,0.105,0.116,17.39,17.37,17.41,17.41,16.53,15.78,18.32,17.9,13.56,17.39
"2011-10-09 00:15:00",25000,0.098,0.105,0.116,17.35,17.34,17.38,17.41,16.53,15.78,18.28,17.86,13.56,17.26
"2011-10-09 00:30:00",25001,0.098,0.105,0.116,17.29,17.31,17.37,17.41,16.54,15.78,18.24,17.82,13.56,17.11
"2011-10-09 00:45:00",25002,0.098,0.105,0.116,17.21,17.27,17.36,17.4,16.54,15.78,18.2,17.78,13.55,16.81
"2011-10-09 01:00:00",25003,0.098,0.105,0.116,17.1,17.2,17.33,17.4,16.53,15.79,18.15,17.73,13.55,16.49
"2011-10-09 01:15:00",25004,0.098,0.105,0.116,17.01,17.15,17.29,17.37,16.54,15.79,18.09,17.67,13.55,16.19
"2011-10-09 01:30:00",25005,0.098,0.105,0.116,16.92,17.03,17.26,17.36,16.54,15.79,18.03,17.61,13.55,16
"2011-10-09 01:45:00",25006,0.098,0.105,0.116,16.83,16.97,17.23,17.34,16.54,15.79,17.96,17.54,13.55,15.9
"2011-10-09 02:00:00",25007,0.097,0.105,0.117,16.77,16.9,17.22,17.32,16.53,15.8,17.9,17.48,13.55,15.85
"2011-10-09 02:15:00",25008,0.097,0.105,0.117,16.7,16.86,17.17,17.3,16.53,15.81,17.84,17.41,13.55,15.73
"2011-10-09 02:30:00",25009,0.097,0.105,0.117,16.62,16.79,17.14,17.28,16.53,15.82,17.78,17.36,13.56,15.58
"2011-10-09 02:45:00",25010,0.097,0.105,0.117,16.55,16.74,17.08,17.28,16.53,15.82,17.72,17.29,13.56,15.41
"2011-10-09 03:00:00",25011,0.097,0.105,0.117,16.47,16.67,17.03,17.28,16.52,15.83,17.66,17.23,13.56,15.31
"2011-10-09 03:15:00",25012,0.097,0.105,0.117,16.41,16.62,16.99,17.25,16.52,15.84,17.6,17.17,13.56,15.26
"2011-10-09 03:30:00",25013,0.097,0.105,0.117,16.35,16.55,16.96,17.22,16.52,15.84,17.54,17.11,13.56,15.21
"2011-10-09 03:45:00",25014,0.097,0.105,0.117,16.31,16.51,16.9,17.19,16.52,15.83,17.49,17.06,13.56,15.19
"2011-10-09 04:00:00",25015,0.097,0.105,0.117,16.25,16.44,16.86,17.17,16.52,15.83,17.44,17.01,13.56,15.12
"2011-10-09 04:15:00",25016,0.097,0.105,0.117,16.21,16.41,16.82,17.16,16.51,15.84,17.39,16.96,13.56,14.97
"2011-10-09 04:30:00",25017,0.097,0.106,0.117,16.13,16.35,16.78,17.12,16.51,15.84,17.34,16.91,13.56,14.85
"2011-10-09 04:45:00",25018,0.097,0.106,0.117,16.07,16.28,16.72,17.06,16.5,15.83,17.28,16.86,13.56,14.71
"2011-10-09 05:00:00",25019,0.097,0.106,0.117,16,16.24,16.71,17.03,16.49,15.83,17.23,16.8,13.56,14.59
"2011-10-09 05:15:00",25020,0.097,0.106,0.117,15.93,16.17,16.67,17,16.48,15.83,17.18,16.75,13.56,14.44
"2011-10-09 05:30:00",25021,0.097,0.106,0.117,15.86,16.12,16.62,17,16.47,15.83,17.12,16.69,13.56,14.35
"2011-10-09 05:45:00",25022,0.097,0.106,0.117,15.81,16.06,16.59,16.97,16.47,15.83,17.06,16.63,13.56,14.25
"2011-10-09 06:00:00",25023,0.097,0.106,0.117,15.75,16.02,16.56,16.94,16.47,15.84,17.01,16.58,13.56,14.25
"2011-10-09 06:15:00",25024,0.097,0.106,0.117,15.71,15.97,16.51,16.91,16.46,15.84,16.95,16.53,13.56,14.32
"2011-10-09 06:30:00",25025,0.097,0.105,0.117,15.67,15.92,16.47,16.88,16.46,15.84,16.91,16.49,13.56,14.44
"2011-10-09 06:45:00",25026,0.096,0.106,0.118,15.65,15.89,16.44,16.86,16.46,15.84,16.88,16.46,13.56,14.66
"2011-10-09 07:00:00",25027,0.096,0.105,0.118,15.67,15.85,16.39,16.84,16.46,15.84,16.86,16.44,13.56,14.92
"2011-10-09 07:15:00",25028,0.096,0.105,0.118,15.72,15.84,16.36,16.8,16.46,15.84,16.86,16.44,13.56,15.26
"2011-10-09 07:30:00",25029,0.096,0.105,0.118,15.77,15.85,16.34,16.78,16.43,15.85,16.87,16.45,13.56,15.75
"2011-10-09 07:45:00",25030,0.096,0.105,0.118,15.86,15.88,16.31,16.76,16.42,15.85,16.9,16.48,13.56,16.22
"2011-10-09 08:00:00",25031,0.096,0.105,0.118,15.92,15.91,16.28,16.74,16.41,15.84,16.94,16.52,13.55,16.66
"2011-10-09 08:15:00",25032,0.096,0.105,0.118,16,15.93,16.27,16.7,16.4,15.84,16.99,16.56,13.55,17.09
"2011-10-09 08:30:00",25033,0.096,0.105,0.118,16.1,15.98,16.27,16.67,16.4,15.84,17.04,16.61,13.55,17.62
"2011-10-09 08:45:00",25034,0.097,0.105,0.118,16.23,16.04,16.27,16.67,16.41,15.85,17.11,16.68,13.56,18.05
"2011-10-09 09:00:00",25035,0.097,0.105,0.118,16.42,16.12,16.27,16.67,16.4,15.85,17.2,16.77,13.56,18.66
"2011-10-09 09:15:00",25036,0.097,0.105,0.118,16.63,16.24,16.29,16.65,16.39,15.88,17.34,16.89,13.56,19.44
"2011-10-09 09:30:00",25037,0.097,0.105,0.118,16.86,16.37,16.31,16.63,16.37,15.88,17.53,17.03,13.56,20.34
"2011-10-09 09:45:00",25038,0.097,0.105,0.117,17.07,16.51,16.33,16.6,16.35,15.89,17.75,17.18,13.56,21.21
"2011-10-09 10:00:00",25039,0.097,0.105,0.117,17.29,16.64,16.38,16.6,16.34,15.88,18,17.33,13.56,21.95
"2011-10-09 10:15:00",25040,0.097,0.105,0.117,17.56,16.78,16.42,16.62,16.34,15.89,18.3,17.5,13.55,22.67
"2011-10-09 10:30:00",25041,0.097,0.105,0.117,17.8,16.94,16.48,16.62,16.34,15.88,18.72,17.68,13.56,23.32
"2011-10-09 10:45:00",25042,0.097,0.105,0.117,17.97,17.14,16.53,16.63,16.34,15.88,19.12,17.86,13.56,23.81
"2011-10-09 11:00:00",25043,0.097,0.105,0.117,18.11,17.3,16.6,16.67,16.31,15.89,19.37,18.01,13.56,24.28
"2011-10-09 11:15:00",25044,0.097,0.105,0.117,18.35,17.45,16.69,16.67,16.3,15.89,19.62,18.17,13.56,25.07
"2011-10-09 11:30:00",25045,0.098,0.105,0.117,18.53,17.6,16.75,16.66,16.28,15.88,19.92,18.35,13.56,25.4
"2011-10-09 11:45:00",25046,0.098,0.105,0.116,18.68,17.75,16.83,16.69,16.28,15.88,20.1,18.52,13.56,25.79
"2011-10-09 12:00:00",25047,0.098,0.104,0.116,18.92,17.9,16.92,16.73,16.28,15.89,20.26,18.71,13.56,26.37
"2011-10-09 12:15:00",25048,0.098,0.105,0.116,19.03,18.06,17,16.77,16.28,15.89,20.39,18.9,13.56,26.65
"2011-10-09 12:30:00",25049,0.098,0.104,0.116,19.15,18.18,17.12,16.8,16.28,15.89,20.44,19.08,13.56,26.78
"2011-10-09 12:45:00",25050,0.098,0.104,0.116,19.29,18.3,17.21,16.81,16.27,15.89,20.5,19.29,13.56,27.03
"2011-10-09 13:00:00",25051,0.098,0.104,0.116,19.37,18.43,17.3,16.87,16.27,15.89,20.55,19.44,13.56,26.84
"2011-10-09 13:15:00",25052,0.098,0.104,0.116,19.36,18.54,17.38,16.92,16.27,15.89,20.58,19.52,13.56,26.34
"2011-10-09 13:30:00",25053,0.098,0.104,0.116,19.29,18.56,17.46,16.95,16.27,15.89,20.57,19.54,13.56,25.79
"2011-10-09 13:45:00",25054,0.098,0.104,0.116,19.22,18.58,17.52,17,16.27,15.89,20.53,19.53,13.56,25.49
"2011-10-09 14:00:00",25055,0.098,0.104,0.116,19.2,18.59,17.58,17.03,16.27,15.89,20.49,19.5,13.56,25.7
"2011-10-09 14:15:00",25056,0.098,0.104,0.116,19.23,18.62,17.62,17.1,16.28,15.89,20.47,19.52,13.56,25.79
"2011-10-09 14:30:00",25057,0.098,0.104,0.116,19.23,18.65,17.68,17.17,16.28,15.89,20.47,19.54,13.56,25.55
"2011-10-09 14:45:00",25058,0.098,0.104,0.116,19.23,18.66,17.71,17.2,16.28,15.89,20.46,19.54,13.56,27.25
"2011-10-09 15:00:00",25059,0.098,0.104,0.116,19.46,18.72,17.74,17.24,16.3,15.89,20.5,19.71,13.56,29.15
"2011-10-09 15:15:00",25060,0.098,0.104,0.116,19.52,18.8,17.77,17.28,16.31,15.89,20.58,19.94,13.56,28.46
"2011-10-09 15:30:00",25061,0.098,0.104,0.116,19.52,18.84,17.84,17.31,16.31,15.88,20.61,20.03,13.56,27.69
"2011-10-09 15:45:00",25062,0.098,0.104,0.116,19.55,18.88,17.86,17.33,16.31,15.89,20.63,20.06,13.56,27.69
"2011-10-09 16:00:00",25063,0.098,0.104,0.116,19.62,18.93,17.89,17.37,16.34,15.89,20.68,20.08,13.55,27.5
"2011-10-09 16:15:00",25064,0.098,0.104,0.116,19.67,18.96,17.94,17.41,16.36,15.89,20.73,20.11,13.55,27.47
"2011-10-09 16:30:00",25065,0.098,0.104,0.116,19.7,19.01,17.97,17.42,16.36,15.89,20.76,20.13,13.55,27.15
"2011-10-09 16:45:00",25066,0.098,0.104,0.116,19.67,19.04,18.01,17.46,16.37,15.89,20.79,20.13,13.55,26.59
"2011-10-09 17:00:00",25067,0.098,0.104,0.115,19.63,19.04,18.05,17.51,16.37,15.9,20.79,20.11,13.56,25.73
"2011-10-09 17:15:00",25068,0.098,0.104,0.116,19.57,19.04,18.09,17.52,16.37,15.9,20.76,20.08,13.56,24.84
"2011-10-09 17:30:00",25069,0.098,0.104,0.116,19.47,19.03,18.13,17.55,16.4,15.9,20.72,20.02,13.56,24.04
"2011-10-09 17:45:00",25070,0.098,0.104,0.116,19.36,18.99,18.15,17.6,16.42,15.91,20.66,19.95,13.55,23.29
"2011-10-09 18:00:00",25071,0.098,0.104,0.116,19.24,18.93,18.17,17.62,16.43,15.91,20.58,19.86,13.56,22.61
"2011-10-09 18:15:00",25072,0.098,0.104,0.116,19.12,18.87,18.19,17.63,16.46,15.91,20.51,19.78,13.56,22.03
"2011-10-09 18:30:00",25073,0.098,0.104,0.116,19.01,18.8,18.2,17.66,16.46,15.91,20.43,19.69,13.55,21.4
"2011-10-09 18:45:00",25074,0.098,0.104,0.116,18.89,18.75,18.18,17.68,16.47,15.91,20.34,19.6,13.55,20.88
"2011-10-09 19:00:00",25075,0.098,0.104,0.116,18.78,18.67,18.16,17.69,16.49,15.92,20.25,19.51,13.55,20.5
"2011-10-09 19:15:00",25076,0.097,0.104,0.116,18.67,18.6,18.15,17.7,16.5,15.92,20.17,19.42,13.56,20.18
"2011-10-09 19:30:00",25077,0.098,0.104,0.116,18.58,18.53,18.11,17.72,16.52,15.91,20.09,19.33,13.56,19.89
"2011-10-09 19:45:00",25078,0.098,0.104,0.116,18.52,18.45,18.08,17.73,16.54,15.9,20.01,19.26,13.55,19.6
"2011-10-09 20:00:00",25079,0.097,0.104,0.117,18.42,18.36,18.06,17.74,16.54,15.9,19.94,19.18,13.55,19.15
"2011-10-09 20:15:00",25080,0.097,0.104,0.117,18.31,18.3,18.03,17.74,16.55,15.9,19.86,19.09,13.55,18.71
"2011-10-09 20:30:00",25081,0.097,0.104,0.117,18.19,18.21,18,17.75,16.55,15.91,19.77,19.01,13.55,18.33
"2011-10-09 20:45:00",25082,0.097,0.104,0.117,18.09,18.14,17.96,17.74,16.56,15.92,19.68,18.91,13.55,17.89
"2011-10-09 21:00:00",25083,0.097,0.105,0.117,17.96,18.06,17.94,17.75,16.59,15.92,19.59,18.82,13.56,17.34
"2011-10-09 21:15:00",25084,0.097,0.105,0.117,17.79,17.95,17.91,17.75,16.6,15.92,19.48,18.71,13.56,16.76
"2011-10-09 21:30:00",25085,0.097,0.105,0.117,17.64,17.83,17.86,17.74,16.6,15.91,19.37,18.59,13.55,16.32
"2011-10-09 21:45:00",25086,0.097,0.105,0.117,17.51,17.72,17.81,17.72,16.6,15.92,19.26,18.48,13.55,15.9
"2011-10-09 22:00:00",25087,0.097,0.105,0.117,17.37,17.62,17.78,17.71,16.6,15.93,19.13,18.37,13.55,15.36
"2011-10-09 22:15:00",25088,0.096,0.105,0.117,17.19,17.52,17.73,17.7,16.61,15.94,18.96,18.24,13.55,14.85
"2011-10-09 22:30:00",25089,0.096,0.105,0.117,17.01,17.39,17.68,17.67,16.63,15.94,18.8,18.12,13.56,14.44
"2011-10-09 22:45:00",25090,0.096,0.105,0.117,16.88,17.27,17.62,17.65,16.65,15.94,18.67,18,13.56,14.23
"2011-10-09 23:00:00",25091,0.096,0.105,0.118,16.77,17.17,17.57,17.62,16.66,15.94,18.56,17.89,13.56,13.99
"2011-10-09 23:15:00",25092,0.096,0.105,0.118,16.63,17.02,17.5,17.59,16.66,15.93,18.44,17.77,13.55,13.66
"2011-10-09 23:30:00",25093,0.096,0.105,0.118,16.51,16.9,17.43,17.58,16.67,15.94,18.31,17.65,13.55,13.35
"2011-10-09 23:45:00",25094,0.096,0.105,0.118,16.38,16.8,17.37,17.58,16.67,15.92,18.18,17.54,13.55,13.02
"2011-10-10 00:00:00",25095,0.096,0.105,0.118,16.24,16.69,17.31,17.54,16.67,15.92,18.03,17.42,13.55,12.72
"2011-10-10 00:15:00",25096,0.096,0.105,0.118,16.12,16.59,17.24,17.49,16.67,15.91,17.9,17.31,13.55,12.53
"2011-10-10 00:30:00",25097,0.095,0.105,0.118,16,16.47,17.18,17.47,16.67,15.91,17.77,17.19,13.55,12.37
"2011-10-10 00:45:00",25098,0.095,0.105,0.118,15.9,16.37,17.08,17.44,16.67,15.91,17.66,17.09,13.55,12.21
"2011-10-10 01:00:00",25099,0.095,0.105,0.118,15.79,16.27,17,17.39,16.67,15.92,17.55,16.99,13.55,12.05
"2011-10-10 01:15:00",25100,0.095,0.105,0.118,15.66,16.18,16.93,17.35,16.67,15.91,17.43,16.88,13.55,11.93
"2011-10-10 01:30:00",25101,0.095,0.105,0.118,15.53,16.08,16.86,17.33,16.66,15.91,17.32,16.78,13.55,11.91
"2011-10-10 01:45:00",25102,0.095,0.105,0.118,15.45,15.98,16.79,17.29,16.66,15.92,17.23,16.69,13.55,11.86
"2011-10-10 02:00:00",25103,0.095,0.105,0.118,15.36,15.89,16.7,17.24,16.66,15.92,17.13,16.59,13.56,11.7
"2011-10-10 02:15:00",25104,0.095,0.105,0.118,15.25,15.8,16.66,17.21,16.65,15.93,17.02,16.51,13.55,11.56
"2011-10-10 02:30:00",25105,0.095,0.105,0.118,15.15,15.69,16.58,17.16,16.64,15.94,16.91,16.42,13.55,11.38
"2011-10-10 02:45:00",25106,0.095,0.105,0.118,15.07,15.6,16.52,17.1,16.63,15.93,16.79,16.33,13.55,11.2
"2011-10-10 03:00:00",25107,0.095,0.105,0.118,14.96,15.51,16.46,17.05,16.64,15.94,16.67,16.23,13.55,11.02
"2011-10-10 03:15:00",25108,0.094,0.105,0.119,14.85,15.43,16.4,17,16.63,15.96,16.55,16.14,13.55,10.88
"2011-10-10 03:30:00",25109,0.094,0.105,0.119,14.75,15.35,16.33,16.94,16.62,15.96,16.45,16.05,13.55,10.81
"2011-10-10 03:45:00",25110,0.093,0.105,0.118,14.67,15.27,16.27,16.92,16.6,15.96,16.36,15.96,13.55,10.7
"2011-10-10 04:00:00",25111,0.093,0.104,0.118,14.69,15.18,16.2,16.87,16.59,15.96,16.25,15.77,13.55,10.58
"2011-10-10 04:15:00",25112,0.095,0.104,0.118,14.62,15.12,16.14,16.83,16.58,15.97,16.11,15.59,13.55,10.47
"2011-10-10 04:30:00",25113,0.096,0.104,0.118,14.51,15.05,16.07,16.8,16.56,15.97,16,15.51,13.55,10.38
"2011-10-10 04:45:00",25114,0.097,0.104,0.118,14.41,14.97,15.98,16.74,16.54,15.97,15.89,15.44,13.55,10.27
"2011-10-10 05:00:00",25115,0.098,0.104,0.118,14.32,14.87,15.93,16.69,16.54,15.97,15.78,15.37,13.55,10.22
"2011-10-10 05:15:00",25116,0.1,0.104,0.118,14.23,14.78,15.86,16.66,16.53,15.97,15.7,15.31,13.55,10.2
"2011-10-10 05:30:00",25117,0.102,0.103,0.118,14.14,14.7,15.8,16.61,16.53,15.97,15.62,15.24,13.55,10.22
"2011-10-10 05:45:00",25118,0.104,0.104,0.118,14.05,14.63,15.75,16.58,16.51,15.97,15.56,15.17,13.55,10.36
"2011-10-10 06:00:00",25119,0.104,0.104,0.119,13.99,14.56,15.67,16.52,16.49,15.97,15.5,15.12,13.55,10.63
"2011-10-10 06:15:00",25120,0.105,0.105,0.119,13.98,14.47,15.63,16.47,16.46,15.97,15.46,15.07,13.55,10.95
"2011-10-10 06:30:00",25121,0.106,0.106,0.119,13.97,14.43,15.57,16.45,16.45,15.97,15.44,15.04,13.55,11.33
"2011-10-10 06:45:00",25122,0.106,0.106,0.119,13.99,14.4,15.52,16.4,16.45,15.97,15.44,15.01,13.55,11.82
"2011-10-10 07:00:00",25123,0.107,0.106,0.119,14.03,14.39,15.47,16.35,16.44,15.96,15.45,15.01,13.55,12.35
"2011-10-10 07:15:00",25124,0.108,0.105,0.119,14.09,14.4,15.43,16.3,16.41,15.96,15.47,15.02,13.56,12.88
"2011-10-10 07:30:00",25125,0.108,0.105,0.119,14.16,14.42,15.39,16.27,16.39,15.96,15.51,15.05,13.55,13.3
"2011-10-10 07:45:00",25126,0.109,0.105,0.119,14.24,14.43,15.35,16.25,16.37,15.96,15.55,15.08,13.55,13.66
"2011-10-10 08:00:00",25127,0.109,0.105,0.119,14.35,14.44,15.32,16.21,16.34,15.97,15.6,15.12,13.56,14.32
"2011-10-10 08:15:00",25128,0.11,0.105,0.119,14.53,14.53,15.32,16.17,16.34,15.96,15.69,15.21,13.56,15.12
"2011-10-10 08:30:00",25129,0.11,0.105,0.118,14.78,14.64,15.31,16.14,16.33,15.96,15.83,15.34,13.56,16
"2011-10-10 08:45:00",25130,0.111,0.105,0.118,15.06,14.78,15.29,16.1,16.3,15.96,16.01,15.5,13.56,16.94
"2011-10-10 09:00:00",25131,0.111,0.105,0.118,15.33,14.93,15.32,16.09,16.27,15.97,16.23,15.67,13.56,17.99
"2011-10-10 09:15:00",25132,0.111,0.105,0.118,15.63,15.12,15.35,16.07,16.27,15.99,16.5,15.84,13.56,19.05
"2011-10-10 09:30:00",25133,0.112,0.105,0.118,15.88,15.3,15.39,16.04,16.26,16,16.81,16.02,13.56,19.94
"2011-10-10 09:45:00",25134,0.112,0.105,0.118,16.08,15.47,15.45,16.02,16.21,16,17.13,16.21,13.56,20.61
"2011-10-10 10:00:00",25135,0.112,0.104,0.118,16.27,15.62,15.51,16.02,16.21,16.01,17.44,16.38,13.56,21.26
"2011-10-10 10:15:00",25136,0.112,0.105,0.117,16.44,15.8,15.57,16.01,16.21,16.01,17.78,16.55,13.56,21.75
"2011-10-10 10:30:00",25137,0.113,0.105,0.117,16.61,15.96,15.63,16.02,16.2,16.01,18.17,16.72,13.56,22.28
"2011-10-10 10:45:00",25138,0.113,0.104,0.117,16.79,16.1,15.69,16.04,16.15,16,18.54,16.88,13.56,22.67
"2011-10-10 11:00:00",25139,0.113,0.104,0.117,16.95,16.25,15.78,16.05,16.14,16,18.85,17.05,13.56,23.07
"2011-10-10 11:15:00",25140,0.113,0.104,0.117,17.17,16.4,15.85,16.09,16.11,16,19.09,17.22,13.56,23.44
"2011-10-10 11:30:00",25141,0.113,0.104,0.117,17.41,16.55,15.92,16.1,16.11,16,19.33,17.39,13.56,23.84
"2011-10-10 11:45:00",25142,0.113,0.104,0.117,17.61,16.71,16.01,16.15,16.12,16,19.5,17.57,13.56,24.33
"2011-10-10 12:00:00",25143,0.113,0.104,0.117,17.8,16.87,16.14,16.18,16.1,16,19.59,17.77,13.56,25.07
"2011-10-10 12:15:00",25144,0.113,0.104,0.116,17.99,17.03,16.21,16.19,16.1,15.99,19.66,17.98,13.56,25.92
"2011-10-10 12:30:00",25145,0.113,0.104,0.116,18.18,17.24,16.3,16.22,16.09,15.99,19.69,18.24,13.56,26.31
"2011-10-10 12:45:00",25146,0.113,0.104,0.116,18.33,17.4,16.4,16.26,16.08,15.99,19.71,18.55,13.56,26.65
"2011-10-10 13:00:00",25147,0.113,0.104,0.116,18.43,17.54,16.5,16.32,16.07,15.99,19.72,18.8,13.56,28.2
"2011-10-10 13:15:00",25148,0.113,0.104,0.116,18.61,17.67,16.59,16.35,16.07,15.99,19.76,19.01,13.56,30.02
"2011-10-10 13:30:00",25149,0.113,0.104,0.116,18.88,17.83,16.7,16.38,16.07,16.01,19.81,19.24,13.56,31.12
"2011-10-10 13:45:00",25150,0.113,0.104,0.116,19.13,18.01,16.79,16.45,16.07,16.02,19.87,19.48,13.56,32.48
"2011-10-10 14:00:00",25151,0.113,0.104,0.116,19.31,18.18,16.9,16.5,16.07,16.01,19.94,19.75,13.56,32.37
"2011-10-10 14:15:00",25152,0.113,0.104,0.116,19.43,18.33,16.99,16.53,16.07,16.01,20.03,19.97,13.56,32.26
"2011-10-10 14:30:00",25153,0.113,0.104,0.116,19.54,18.5,17.14,16.59,16.07,16.01,20.12,20.14,13.56,32.4
"2011-10-10 14:45:00",25154,0.113,0.104,0.115,19.67,18.62,17.24,16.65,16.08,16.01,20.22,20.32,13.56,33.62
"2011-10-10 15:00:00",25155,0.113,0.104,0.115,19.79,18.76,17.34,16.7,16.09,16,20.35,20.58,13.56,33.29
"2011-10-10 15:15:00",25156,0.113,0.104,0.115,19.83,18.87,17.44,16.75,16.09,16,20.45,20.76,13.56,32.77
"2011-10-10 15:30:00",25157,0.113,0.104,0.115,19.89,18.94,17.53,16.83,16.1,16,20.52,20.87,13.56,31.79
"2011-10-10 15:45:00",25158,0.113,0.104,0.115,19.97,19.02,17.61,16.9,16.09,16,20.6,20.94,13.56,30.84
"2011-10-10 16:00:00",25159,0.113,0.104,0.115,19.98,19.1,17.7,16.94,16.09,16,20.69,20.94,13.56,29.92
"2011-10-10 16:15:00",25160,0.113,0.104,0.115,19.97,19.13,17.78,17,16.11,15.99,20.74,20.9,13.56,28.69
"2011-10-10 16:30:00",25161,0.113,0.104,0.115,19.9,19.17,17.85,17.07,16.14,15.98,20.75,20.82,13.56,27.78
"2011-10-10 16:45:00",25162,0.113,0.104,0.115,19.83,19.17,17.9,17.16,16.16,15.98,20.74,20.73,13.55,26.81
"2011-10-10 17:00:00",25163,0.112,0.104,0.115,19.74,19.14,17.94,17.21,16.17,15.98,20.71,20.63,13.55,25.92
"2011-10-10 17:15:00",25164,0.112,0.104,0.115,19.64,19.11,17.99,17.27,16.17,15.99,20.66,20.52,13.56,25.19
"2011-10-10 17:30:00",25165,0.112,0.104,0.115,19.56,19.06,18.02,17.31,16.18,15.99,20.61,20.42,13.56,24.51
"2011-10-10 17:45:00",25166,0.112,0.104,0.115,19.46,19.04,18.04,17.37,16.21,15.98,20.55,20.31,13.55,23.9
"2011-10-10 18:00:00",25167,0.112,0.104,0.115,19.36,18.99,18.05,17.38,16.24,15.98,20.49,20.2,13.56,23.35
"2011-10-10 18:15:00",25168,0.112,0.104,0.115,19.28,18.94,18.07,17.44,16.24,15.99,20.42,20.1,13.56,22.81
"2011-10-10 18:30:00",25169,0.111,0.104,0.115,19.15,18.87,18.09,17.49,16.26,15.99,20.35,20,13.56,22.31
"2011-10-10 18:45:00",25170,0.111,0.104,0.116,19.05,18.81,18.07,17.5,16.29,15.98,20.28,19.89,13.56,21.72
"2011-10-10 19:00:00",25171,0.111,0.104,0.116,18.9,18.74,18.07,17.53,16.3,15.97,20.2,19.78,13.55,21.07
"2011-10-10 19:15:00",25172,0.111,0.104,0.116,18.77,18.65,18.07,17.56,16.31,15.98,20.1,19.66,13.55,20.58
"2011-10-10 19:30:00",25173,0.111,0.104,0.116,18.66,18.58,18.05,17.56,16.32,15.98,20.02,19.55,13.56,20.13
"2011-10-10 19:45:00",25174,0.111,0.104,0.116,18.56,18.5,18.02,17.59,16.35,15.98,19.93,19.44,13.56,19.81
"2011-10-10 20:00:00",25175,0.11,0.105,0.116,18.46,18.4,18,17.6,16.37,15.98,19.84,19.34,13.56,19.57
"2011-10-10 20:15:00",25176,0.11,0.105,0.116,18.39,18.33,17.97,17.61,16.4,15.99,19.76,19.24,13.56,19.31
"2011-10-10 20:30:00",25177,0.11,0.105,0.116,18.3,18.24,17.94,17.62,16.4,15.99,19.69,19.15,13.55,19
"2011-10-10 20:45:00",25178,0.11,0.105,0.116,18.19,18.18,17.93,17.63,16.4,15.98,19.6,19.05,13.55,18.74
"2011-10-10 21:00:00",25179,0.11,0.105,0.116,18.13,18.12,17.89,17.64,16.43,15.98,19.53,18.97,13.55,18.53
"2011-10-10 21:15:00",25180,0.109,0.105,0.116,18.04,18.05,17.86,17.64,16.45,15.98,19.45,18.88,13.55,18.3
"2011-10-10 21:30:00",25181,0.109,0.105,0.117,17.95,17.97,17.84,17.64,16.46,15.98,19.37,18.79,13.56,18.07
"2011-10-10 21:45:00",25182,0.109,0.105,0.117,17.86,17.9,17.82,17.62,16.49,15.98,19.29,18.71,13.56,17.97
"2011-10-10 22:00:00",25183,0.109,0.105,0.117,17.82,17.84,17.78,17.61,16.51,15.98,19.22,18.63,13.56,17.95
"2011-10-10 22:15:00",25184,0.109,0.105,0.117,17.8,17.78,17.74,17.6,16.51,15.98,19.16,18.57,13.56,18.2
"2011-10-10 22:30:00",25185,0.109,0.105,0.117,17.78,17.74,17.71,17.59,16.51,15.98,19.11,18.52,13.56,18.51
"2011-10-10 22:45:00",25186,0.109,0.105,0.117,17.75,17.72,17.67,17.57,16.52,15.98,19.06,18.47,13.56,18.53
"2011-10-10 23:00:00",25187,0.109,0.105,0.117,17.7,17.69,17.64,17.56,16.53,15.98,19.04,18.44,13.56,18.38
"2011-10-10 23:15:00",25188,0.108,0.105,0.117,17.66,17.63,17.62,17.55,16.54,15.98,18.99,18.39,13.56,18.12
"2011-10-10 23:30:00",25189,0.108,0.105,0.117,17.57,17.59,17.59,17.55,16.54,15.98,18.94,18.33,13.56,17.74
"2011-10-10 23:45:00",25190,0.108,0.105,0.117,17.47,17.54,17.58,17.55,16.55,15.98,18.88,18.27,13.56,17.16
"2011-10-11 00:00:00",25191,0.108,0.105,0.117,17.34,17.46,17.53,17.53,16.56,15.97,18.81,18.19,13.55,16.54
"2011-10-11 00:15:00",25192,0.108,0.105,0.117,17.16,17.37,17.49,17.51,16.57,15.95,18.71,18.1,13.55,15.97
"2011-10-11 00:30:00",25193,0.108,0.105,0.117,17.02,17.27,17.46,17.51,16.58,15.94,18.62,18,13.55,15.43
"2011-10-11 00:45:00",25194,0.108,0.106,0.117,16.91,17.18,17.43,17.49,16.6,15.95,18.52,17.89,13.55,15.02
"2011-10-11 01:00:00",25195,0.107,0.106,0.117,16.81,17.04,17.38,17.47,16.6,15.96,18.42,17.8,13.56,14.71
"2011-10-11 01:15:00",25196,0.107,0.106,0.117,16.7,16.95,17.33,17.44,16.59,15.95,18.34,17.71,13.56,14.37
"2011-10-11 01:30:00",25197,0.107,0.106,0.117,16.6,16.88,17.28,17.4,16.6,15.95,18.25,17.62,13.56,14.11
"2011-10-11 01:45:00",25198,0.107,0.106,0.117,16.5,16.78,17.22,17.38,16.59,15.96,18.15,17.53,13.56,13.8
"2011-10-11 02:00:00",25199,0.107,0.107,0.118,16.4,16.7,17.18,17.38,16.58,15.96,18.04,17.43,13.55,13.56
"2011-10-11 02:15:00",25200,0.107,0.107,0.118,16.31,16.63,17.13,17.37,16.58,15.97,17.94,17.34,13.55,13.38
"2011-10-11 02:30:00",25201,0.107,0.107,0.118,16.23,16.54,17.04,17.34,16.58,15.98,17.86,17.25,13.55,13.23
"2011-10-11 02:45:00",25202,0.107,0.107,0.118,16.15,16.47,16.98,17.3,16.58,15.99,17.77,17.17,13.55,13.19
"2011-10-11 03:00:00",25203,0.106,0.107,0.118,16.06,16.38,16.93,17.27,16.58,15.99,17.69,17.09,13.55,12.98
"2011-10-11 03:15:00",25204,0.106,0.106,0.118,15.92,16.3,16.88,17.24,16.58,15.98,17.57,17,13.55,12.56
"2011-10-11 03:30:00",25205,0.106,0.106,0.118,15.8,16.2,16.82,17.22,16.58,15.98,17.44,16.89,13.55,12.21
"2011-10-11 03:45:00",25206,0.106,0.106,0.118,15.66,16.1,16.76,17.19,16.57,16,17.33,16.79,13.55,11.91
"2011-10-11 04:00:00",25207,0.106,0.106,0.118,15.5,16,16.7,17.14,16.56,15.99,17.21,16.69,13.55,11.56
"2011-10-11 04:15:00",25208,0.106,0.106,0.118,15.37,15.89,16.64,17.1,16.55,16,17.05,16.58,13.55,11.22
"2011-10-11 04:30:00",25209,0.106,0.106,0.118,15.21,15.76,16.56,17.05,16.55,16.01,16.89,16.46,13.55,10.86
"2011-10-11 04:45:00",25210,0.106,0.106,0.118,15.09,15.64,16.51,17.02,16.54,16,16.71,16.34,13.55,10.56
"2011-10-11 05:00:00",25211,0.106,0.106,0.118,14.94,15.52,16.44,16.96,16.54,15.98,16.55,16.22,13.55,10.22
"2011-10-11 05:15:00",25212,0.105,0.105,0.118,14.79,15.41,16.37,16.93,16.54,15.98,16.38,16.1,13.55,9.97
"2011-10-11 05:30:00",25213,0.105,0.105,0.118,14.66,15.29,16.29,16.91,16.54,15.98,16.24,15.99,13.55,9.73
"2011-10-11 05:45:00",25214,0.105,0.105,0.118,14.53,15.17,16.21,16.85,16.54,15.98,16.09,15.87,13.55,9.55
"2011-10-11 06:00:00",25215,0.105,0.105,0.118,14.41,15.07,16.14,16.82,16.54,15.98,15.94,15.75,13.55,9.48
"2011-10-11 06:15:00",25216,0.105,0.105,0.118,14.33,14.97,16.06,16.78,16.53,15.99,15.8,15.65,13.55,9.64
"2011-10-11 06:30:00",25217,0.105,0.105,0.118,14.28,14.87,15.97,16.72,16.52,15.98,15.72,15.56,13.56,10.02
"2011-10-11 06:45:00",25218,0.105,0.105,0.118,14.27,14.8,15.89,16.69,16.5,16,15.68,15.5,13.55,10.63
"2011-10-11 07:00:00",25219,0.105,0.105,0.118,14.33,14.75,15.83,16.64,16.49,16.01,15.68,15.47,13.55,11.52
"2011-10-11 07:15:00",25220,0.105,0.105,0.118,14.46,14.75,15.77,16.59,16.46,16.02,15.72,15.48,13.55,12.7
"2011-10-11 07:30:00",25221,0.105,0.105,0.118,14.64,14.79,15.71,16.54,16.44,16.03,15.79,15.53,13.56,13.85
"2011-10-11 07:45:00",25222,0.105,0.105,0.118,14.84,14.89,15.68,16.52,16.45,16.04,15.9,15.62,13.56,14.85
"2011-10-11 08:00:00",25223,0.105,0.105,0.118,15.06,14.99,15.66,16.45,16.44,16.03,16.03,15.74,13.56,15.77
"2011-10-11 08:15:00",25224,0.105,0.105,0.118,15.24,15.08,15.64,16.42,16.42,16.03,16.17,15.86,13.55,16.64
"2011-10-11 08:30:00",25225,0.105,0.105,0.117,15.44,15.19,15.64,16.39,16.41,16.01,16.32,15.99,13.55,17.49
"2011-10-11 08:45:00",25226,0.105,0.105,0.117,15.64,15.32,15.65,16.34,16.4,16.03,16.48,16.14,13.56,18.2
"2011-10-11 09:00:00",25227,0.105,0.105,0.117,15.86,15.45,15.67,16.32,16.39,16.02,16.66,16.28,13.56,18.92
"2011-10-11 09:15:00",25228,0.105,0.105,0.117,16.03,15.59,15.71,16.31,16.37,16.02,16.86,16.42,13.56,19.7
"2011-10-11 09:30:00",25229,0.105,0.105,0.117,16.16,15.71,15.74,16.31,16.34,16.02,17.06,16.55,13.56,20.26
"2011-10-11 09:45:00",25230,0.105,0.105,0.117,16.28,15.84,15.78,16.29,16.31,16.02,17.2,16.66,13.56,20.8
"2011-10-11 10:00:00",25231,0.105,0.105,0.117,16.38,15.95,15.83,16.28,16.31,16.02,17.35,16.75,13.56,21.26
"2011-10-11 10:15:00",25232,0.105,0.105,0.117,16.47,16.03,15.88,16.28,16.3,16.02,17.48,16.85,13.56,21.72
"2011-10-11 10:30:00",25233,0.105,0.105,0.117,16.59,16.11,15.92,16.29,16.28,16.02,17.63,16.94,13.56,22.19
"2011-10-11 10:45:00",25234,0.105,0.105,0.117,16.69,16.2,15.96,16.29,16.25,16.01,17.79,17.04,13.56,22.53
"2011-10-11 11:00:00",25235,0.105,0.105,0.116,16.8,16.3,16.01,16.29,16.24,16.03,17.93,17.14,13.56,22.95
"2011-10-11 11:15:00",25236,0.105,0.105,0.116,16.96,16.39,16.09,16.3,16.23,16.04,18.08,17.24,13.56,23.38
"2011-10-11 11:30:00",25237,0.105,0.105,0.116,17.16,16.51,16.14,16.31,16.23,16.05,18.25,17.37,13.56,23.9
"2011-10-11 11:45:00",25238,0.105,0.105,0.116,17.34,16.63,16.18,16.33,16.23,16.05,18.4,17.52,13.56,24.42
"2011-10-11 12:00:00",25239,0.104,0.105,0.116,17.48,16.74,16.26,16.34,16.21,16.05,18.51,17.66,13.56,24.87
"2011-10-11 12:15:00",25240,0.104,0.105,0.116,17.6,16.84,16.31,16.38,16.19,16.05,18.6,17.8,13.56,25.31
"2011-10-11 12:30:00",25241,0.104,0.104,0.116,17.72,16.96,16.37,16.39,16.19,16.04,18.7,17.94,13.56,25.76
"2011-10-11 12:45:00",25242,0.104,0.104,0.116,17.86,17.07,16.43,16.42,16.18,16.05,18.8,18.11,13.56,26.13
"2011-10-11 13:00:00",25243,0.104,0.104,0.116,17.92,17.22,16.5,16.44,16.18,16.04,18.89,18.26,13.56,26.07
"2011-10-11 13:15:00",25244,0.104,0.104,0.115,18.03,17.3,16.56,16.47,16.18,16.04,18.97,18.37,13.56,26.9
"2011-10-11 13:30:00",25245,0.104,0.104,0.115,18.25,17.42,16.64,16.49,16.18,16.05,19.06,18.52,13.56,28.76
"2011-10-11 13:45:00",25246,0.104,0.104,0.115,18.52,17.56,16.69,16.53,16.17,16.05,19.15,18.73,13.56,30.74
"2011-10-11 14:00:00",25247,0.104,0.104,0.115,18.7,17.73,16.76,16.57,16.17,16.05,19.25,19.03,13.56,32.81
"2011-10-11 14:15:00",25248,0.104,0.104,0.115,18.88,17.88,16.85,16.61,16.16,16.06,19.36,19.33,13.56,34.15
"2011-10-11 14:30:00",25249,0.104,0.104,0.115,18.97,18.02,16.93,16.63,16.15,16.05,19.48,19.58,13.56,34.69
"2011-10-11 14:45:00",25250,0.104,0.104,0.115,19.09,18.14,17.01,16.65,16.15,16.05,19.58,19.82,13.56,35.92
"2011-10-11 15:00:00",25251,0.104,0.104,0.115,19.2,18.26,17.13,16.71,16.15,16.05,19.7,20.11,13.56,36.4
"2011-10-11 15:15:00",25252,0.104,0.104,0.115,19.27,18.37,17.23,16.76,16.15,16.06,19.81,20.36,13.56,35.92
"2011-10-11 15:30:00",25253,0.104,0.104,0.114,19.35,18.48,17.3,16.8,16.15,16.05,19.9,20.51,13.56,34.58
"2011-10-11 15:45:00",25254,0.104,0.104,0.114,19.39,18.57,17.38,16.84,16.18,16.05,19.99,20.57,13.56,32.81
"2011-10-11 16:00:00",25255,0.104,0.104,0.114,19.4,18.62,17.44,16.9,16.18,16.05,20.08,20.55,13.56,31.02
"2011-10-11 16:15:00",25256,0.104,0.104,0.114,19.4,18.67,17.52,16.93,16.2,16.03,20.13,20.49,13.56,29.38
"2011-10-11 16:30:00",25257,0.104,0.104,0.114,19.39,18.72,17.59,16.98,16.17,16.02,20.14,20.4,13.56,28.46
"2011-10-11 16:45:00",25258,0.104,0.104,0.114,19.37,18.73,17.64,17.02,16.18,16.03,20.15,20.32,13.56,27.12
"2011-10-11 17:00:00",25259,0.104,0.104,0.114,19.29,18.72,17.7,17.08,16.19,16.03,20.13,20.24,13.55,25.73
"2011-10-11 17:15:00",25260,0.104,0.104,0.114,19.21,18.7,17.72,17.16,16.22,16.04,20.1,20.14,13.56,24.66
"2011-10-11 17:30:00",25261,0.104,0.104,0.114,19.12,18.68,17.77,17.2,16.23,16.04,20.04,20.03,13.56,23.7
"2011-10-11 17:45:00",25262,0.104,0.104,0.115,19.03,18.67,17.8,17.24,16.23,16.04,19.99,19.92,13.56,22.87
"2011-10-11 18:00:00",25263,0.104,0.104,0.115,18.93,18.62,17.81,17.27,16.24,16.05,19.92,19.81,13.56,22.14
"2011-10-11 18:15:00",25264,0.104,0.104,0.115,18.84,18.56,17.82,17.32,16.27,16.02,19.85,19.71,13.56,21.37
"2011-10-11 18:30:00",25265,0.104,0.104,0.115,18.71,18.5,17.83,17.34,16.29,16.01,19.79,19.6,13.55,20.74
"2011-10-11 18:45:00",25266,0.104,0.104,0.115,18.63,18.44,17.85,17.35,16.3,16.02,19.71,19.5,13.55,20.13
"2011-10-11 19:00:00",25267,0.104,0.104,0.115,18.5,18.35,17.83,17.39,16.3,16.02,19.63,19.38,13.56,19.42
"2011-10-11 19:15:00",25268,0.104,0.104,0.115,18.35,18.26,17.83,17.41,16.31,16.02,19.55,19.26,13.55,18.77
"2011-10-11 19:30:00",25269,0.103,0.104,0.115,18.23,18.18,17.82,17.43,16.34,16.02,19.45,19.14,13.55,18.23
"2011-10-11 19:45:00",25270,0.103,0.103,0.115,18.09,18.1,17.79,17.43,16.36,16.03,19.35,19.02,13.56,17.64
"2011-10-11 20:00:00",25271,0.103,0.103,0.115,17.93,17.98,17.75,17.46,16.39,16.03,19.24,18.89,13.56,17.09
"2011-10-11 20:15:00",25272,0.103,0.103,0.115,17.76,17.87,17.72,17.46,16.39,16.02,19.13,18.76,13.56,16.64
"2011-10-11 20:30:00",25273,0.103,0.103,0.116,17.62,17.76,17.69,17.46,16.39,16.03,19.03,18.63,13.55,16.22
"2011-10-11 20:45:00",25274,0.103,0.103,0.116,17.48,17.64,17.64,17.46,16.4,16.03,18.92,18.51,13.55,15.85
"2011-10-11 21:00:00",25275,0.103,0.103,0.116,17.35,17.53,17.58,17.46,16.41,16.03,18.81,18.38,13.55,15.51
"2011-10-11 21:15:00",25276,0.103,0.103,0.116,17.18,17.44,17.56,17.47,16.44,16.04,18.69,18.25,13.55,15.12
"2011-10-11 21:30:00",25277,0.103,0.103,0.116,17,17.32,17.51,17.46,16.46,16.04,18.55,18.12,13.56,14.71
"2011-10-11 21:45:00",25278,0.103,0.103,0.116,16.86,17.2,17.45,17.43,16.46,16.04,18.41,17.99,13.56,14.37
"2011-10-11 22:00:00",25279,0.103,0.103,0.116,16.74,17.04,17.4,17.39,16.46,16.04,18.3,17.87,13.56,14.09
"2011-10-11 22:15:00",25280,0.103,0.103,0.116,16.61,16.93,17.33,17.38,16.47,16.04,18.19,17.74,13.55,13.78
"2011-10-11 22:30:00",25281,0.102,0.103,0.116,16.47,16.82,17.28,17.38,16.47,16.04,18.06,17.62,13.56,13.52
"2011-10-11 22:45:00",25282,0.102,0.102,0.116,16.35,16.72,17.21,17.37,16.48,16.05,17.95,17.49,13.55,13.33
"2011-10-11 23:00:00",25283,0.102,0.102,0.116,16.25,16.62,17.17,17.35,16.48,16.04,17.85,17.38,13.55,13.21
"2011-10-11 23:15:00",25284,0.102,0.102,0.116,16.14,16.53,17.08,17.33,16.49,16.05,17.75,17.27,13.55,13.23
"2011-10-11 23:30:00",25285,0.102,0.103,0.116,16.05,16.42,16.99,17.28,16.5,16.05,17.66,17.18,13.55,13.23
"2011-10-11 23:45:00",25286,0.102,0.103,0.116,15.96,16.35,16.93,17.25,16.51,16.05,17.58,17.09,13.55,13.16
"2011-10-12 00:00:00",25287,0.102,0.103,0.116,15.87,16.24,16.85,17.23,16.52,16.05,17.48,16.99,13.55,13
"2011-10-12 00:15:00",25288,0.101,0.103,0.116,15.77,16.16,16.8,17.19,16.51,16.05,17.4,16.9,13.55,12.86
"2011-10-12 00:30:00",25289,0.101,0.103,0.116,15.66,16.07,16.72,17.14,16.52,16.04,17.3,16.81,13.55,12.6
"2011-10-12 00:45:00",25290,0.101,0.103,0.116,15.51,15.98,16.67,17.11,16.52,16.05,17.17,16.71,13.55,12.35
"2011-10-12 01:00:00",25291,0.101,0.103,0.117,15.4,15.89,16.6,17.06,16.51,16.03,17.05,16.61,13.55,12.16
"2011-10-12 01:15:00",25292,0.101,0.103,0.117,15.31,15.78,16.54,17.01,16.51,16.03,16.95,16.52,13.55,12.02
"2011-10-12 01:30:00",25293,0.101,0.103,0.117,15.21,15.68,16.47,16.99,16.49,16.02,16.86,16.42,13.56,11.91
"2011-10-12 01:45:00",25294,0.101,0.103,0.117,15.12,15.59,16.42,16.93,16.49,16.03,16.77,16.33,13.55,11.79
"2011-10-12 02:00:00",25295,0.1,0.104,0.117,15.03,15.51,16.35,16.9,16.49,16.03,16.68,16.25,13.55,11.68
"2011-10-12 02:15:00",25296,0.1,0.104,0.117,14.95,15.42,16.3,16.85,16.49,16.02,16.59,16.16,13.55,11.47
"2011-10-12 02:30:00",25297,0.1,0.104,0.117,14.83,15.35,16.23,16.82,16.48,16.02,16.49,16.07,13.55,11.24
"2011-10-12 02:45:00",25298,0.1,0.104,0.117,14.72,15.27,16.18,16.79,16.48,16.02,16.37,15.98,13.55,11.06
"2011-10-12 03:00:00",25299,0.1,0.104,0.117,14.63,15.17,16.11,16.74,16.45,16.02,16.26,15.89,13.55,10.9
"2011-10-12 03:15:00",25300,0.1,0.104,0.117,14.54,15.09,16.02,16.7,16.45,16.02,16.16,15.8,13.55,10.77
"2011-10-12 03:30:00",25301,0.1,0.104,0.117,14.44,15,15.96,16.68,16.45,16.02,16.06,15.71,13.55,10.74
"2011-10-12 03:45:00",25302,0.1,0.104,0.117,14.36,14.92,15.89,16.62,16.45,16.02,15.96,15.63,13.55,10.77
"2011-10-12 04:00:00",25303,0.1,0.104,0.117,14.3,14.84,15.84,16.59,16.44,16.02,15.89,15.55,13.55,10.72
"2011-10-12 04:15:00",25304,0.099,0.104,0.117,14.24,14.75,15.78,16.55,16.44,16.03,15.81,15.48,13.55,10.58
"2011-10-12 04:30:00",25305,0.099,0.104,0.117,14.16,14.7,15.72,16.5,16.41,16.03,15.72,15.41,13.55,10.4
"2011-10-12 04:45:00",25306,0.099,0.104,0.117,14.05,14.62,15.66,16.45,16.4,16.03,15.63,15.33,13.55,10.22
"2011-10-12 05:00:00",25307,0.099,0.104,0.117,13.96,14.54,15.61,16.43,16.39,16.05,15.55,15.26,13.55,10.02
"2011-10-12 05:15:00",25308,0.099,0.104,0.117,13.85,14.45,15.55,16.38,16.37,16.04,15.43,15.18,13.55,9.77
"2011-10-12 05:30:00",25309,0.099,0.104,0.117,13.76,14.37,15.49,16.34,16.35,16.04,15.3,15.09,13.55,9.57
"2011-10-12 05:45:00",25310,0.099,0.104,0.117,13.66,14.27,15.43,16.3,16.33,16.05,15.19,15,13.55,9.41
"2011-10-12 06:00:00",25311,0.099,0.104,0.117,13.59,14.2,15.38,16.27,16.31,16.04,15.09,14.92,13.55,9.39
"2011-10-12 06:15:00",25312,0.099,0.104,0.117,13.53,14.14,15.32,16.22,16.3,16.06,15.01,14.84,13.55,9.57
"2011-10-12 06:30:00",25313,0.098,0.104,0.117,13.53,14.07,15.26,16.19,16.27,16.05,14.96,14.78,13.56,9.91
"2011-10-12 06:45:00",25314,0.098,0.104,0.117,13.54,14.05,15.19,16.14,16.29,16.04,14.92,14.75,13.55,10.49
"2011-10-12 07:00:00",25315,0.098,0.104,0.117,13.63,14.04,15.16,16.11,16.26,16.05,14.93,14.75,13.55,11.27
"2011-10-12 07:15:00",25316,0.099,0.104,0.117,13.76,14.05,15.1,16.06,16.25,16.05,14.97,14.78,13.55,12.09
"2011-10-12 07:30:00",25317,0.099,0.104,0.117,13.93,14.08,15.07,16.03,16.21,16.06,15.04,14.84,13.55,12.93
"2011-10-12 07:45:00",25318,0.099,0.104,0.117,14.12,14.17,15.01,15.99,16.22,16.04,15.14,14.93,13.56,13.87
"2011-10-12 08:00:00",25319,0.099,0.104,0.117,14.34,14.27,15,15.96,16.2,16.05,15.25,15.06,13.55,14.75
"2011-10-12 08:15:00",25320,0.099,0.104,0.117,14.52,14.37,15,15.93,16.19,16.05,15.39,15.2,13.56,15.65
"2011-10-12 08:30:00",25321,0.099,0.104,0.116,14.73,14.5,15.01,15.88,16.15,16.05,15.54,15.34,13.55,16.44
"2011-10-12 08:45:00",25322,0.099,0.104,0.116,14.98,14.65,15.04,15.84,16.13,16.05,15.7,15.51,13.55,17.19
"2011-10-12 09:00:00",25323,0.099,0.104,0.116,15.2,14.79,15.08,15.82,16.13,16.08,15.91,15.67,13.55,17.92
"2011-10-12 09:15:00",25324,0.099,0.103,0.116,15.44,14.97,15.14,15.79,16.12,16.07,16.18,15.82,13.56,18.61
"2011-10-12 09:30:00",25325,0.099,0.103,0.116,15.66,15.12,15.18,15.78,16.09,16.07,16.47,15.98,13.56,19.26
"2011-10-12 09:45:00",25326,0.099,0.103,0.116,15.87,15.27,15.24,15.79,16.07,16.06,16.78,16.13,13.56,19.94
"2011-10-12 10:00:00",25327,0.099,0.103,0.115,16.01,15.42,15.3,15.78,16.07,16.06,17.08,16.27,13.56,20.64
"2011-10-12 10:15:00",25328,0.099,0.103,0.115,16.17,15.54,15.36,15.8,16.06,16.06,17.39,16.41,13.56,21.1
"2011-10-12 10:30:00",25329,0.099,0.103,0.115,16.33,15.67,15.43,15.8,16.02,16.06,17.7,16.55,13.56,21.56
"2011-10-12 10:45:00",25330,0.099,0.103,0.115,16.45,15.83,15.49,15.82,16,16.06,18,16.69,13.56,21.89
"2011-10-12 11:00:00",25331,0.099,0.103,0.115,16.59,15.95,15.55,15.83,15.98,16.05,18.25,16.84,13.56,22.28
"2011-10-12 11:15:00",25332,0.099,0.103,0.115,16.77,16.08,15.61,15.87,15.99,16.05,18.46,17,13.56,22.73
"2011-10-12 11:30:00",25333,0.099,0.103,0.115,16.99,16.22,15.68,15.91,15.99,16.06,18.71,17.18,13.56,23.24
"2011-10-12 11:45:00",25334,0.099,0.103,0.115,17.2,16.37,15.75,15.94,15.96,16.05,18.88,17.38,13.56,23.78
"2011-10-12 12:00:00",25335,0.099,0.103,0.114,17.4,16.52,15.83,15.95,15.95,16.07,18.99,17.58,13.56,24.51
"2011-10-12 12:15:00",25336,0.099,0.103,0.114,17.55,16.67,15.92,15.99,15.94,16.08,19.05,17.78,13.56,25.1
"2011-10-12 12:30:00",25337,0.099,0.103,0.114,17.69,16.78,16,16.02,15.93,16.09,19.09,18.02,13.56,25.49
"2011-10-12 12:45:00",25338,0.099,0.103,0.114,17.85,16.93,16.11,16.07,15.93,16.08,19.14,18.32,13.56,26.28
"2011-10-12 13:00:00",25339,0.099,0.103,0.114,18.01,17.08,16.2,16.09,15.93,16.08,19.18,18.62,13.56,28.14
"2011-10-12 13:15:00",25340,0.099,0.103,0.114,18.19,17.25,16.3,16.13,15.94,16.08,19.21,18.91,13.56,30.09
"2011-10-12 13:30:00",25341,0.099,0.103,0.114,18.46,17.42,16.39,16.19,15.93,16.06,19.23,19.2,13.56,31.79
"2011-10-12 13:45:00",25342,0.099,0.103,0.114,18.74,17.61,16.48,16.24,15.92,16.06,19.28,19.49,13.56,33.14
"2011-10-12 14:00:00",25343,0.099,0.103,0.114,18.89,17.77,16.58,16.27,15.92,16.06,19.32,19.76,13.56,34.46
"2011-10-12 14:15:00",25344,0.099,0.102,0.113,18.97,17.92,16.67,16.3,15.92,16.05,19.39,19.98,13.56,35.56
"2011-10-12 14:30:00",25345,0.099,0.102,0.113,19.07,18.04,16.77,16.36,15.93,16.06,19.48,20.12,13.56,36.57
"2011-10-12 14:45:00",25346,0.099,0.102,0.113,19.17,18.16,16.88,16.42,15.94,16.07,19.56,20.3,13.56,37.31
"2011-10-12 15:00:00",25347,0.099,0.102,0.113,19.22,18.27,16.97,16.45,15.94,16.07,19.66,20.52,13.56,37.19
"2011-10-12 15:15:00",25348,0.099,0.102,0.113,19.26,18.35,17.08,16.52,15.94,16.06,19.76,20.73,13.56,35.24
"2011-10-12 15:30:00",25349,0.099,0.102,0.113,19.27,18.44,17.19,16.57,15.95,16.04,19.83,20.8,13.56,33.47
"2011-10-12 15:45:00",25350,0.099,0.102,0.113,19.28,18.51,17.27,16.63,15.95,16.05,19.88,20.81,13.56,32.01
"2011-10-12 16:00:00",25351,0.099,0.102,0.113,19.28,18.54,17.35,16.69,15.96,16.04,19.94,20.74,13.56,30.36
"2011-10-12 16:15:00",25352,0.099,0.102,0.113,19.21,18.58,17.41,16.74,15.97,16.03,19.98,20.65,13.56,28.76
"2011-10-12 16:30:00",25353,0.099,0.102,0.113,19.12,18.57,17.48,16.81,15.98,16.03,19.99,20.52,13.56,27.37
"2011-10-12 16:45:00",25354,0.099,0.102,0.113,19.09,18.56,17.51,16.85,16.02,16.03,19.99,20.39,13.55,26.01
"2011-10-12 17:00:00",25355,0.099,0.103,0.113,19,18.54,17.56,16.93,16.01,16.04,19.97,20.27,13.56,24.63
"2011-10-12 17:15:00",25356,0.099,0.103,0.113,18.89,18.51,17.59,16.95,16.01,16.04,19.93,20.13,13.56,23.38
"2011-10-12 17:30:00",25357,0.099,0.103,0.113,18.71,18.42,17.61,16.98,16.04,16.04,19.86,19.98,13.55,22.36
"2011-10-12 17:45:00",25358,0.099,0.103,0.113,18.6,18.35,17.63,17.03,16.06,16.02,19.78,19.83,13.56,21.51
"2011-10-12 18:00:00",25359,0.099,0.103,0.113,18.48,18.26,17.63,17.09,16.09,16,19.7,19.68,13.55,20.77
"2011-10-12 18:15:00",25360,0.098,0.103,0.114,18.37,18.2,17.64,17.14,16.1,16.01,19.61,19.54,13.55,20.13
"2011-10-12 18:30:00",25361,0.098,0.103,0.114,18.27,18.12,17.63,17.18,16.11,16.01,19.52,19.4,13.56,19.63
"2011-10-12 18:45:00",25362,0.098,0.103,0.114,18.16,18.05,17.64,17.21,16.14,16.02,19.44,19.27,13.56,19.34
"2011-10-12 19:00:00",25363,0.098,0.103,0.114,18.07,17.99,17.6,17.22,16.17,16.02,19.35,19.15,13.56,19.18
"2011-10-12 19:15:00",25364,0.098,0.103,0.114,17.99,17.89,17.59,17.22,16.18,16.02,19.27,19.03,13.56,19.08
"2011-10-12 19:30:00",25365,0.098,0.103,0.114,17.93,17.84,17.56,17.25,16.2,16.02,19.2,18.94,13.56,18.97
"2011-10-12 19:45:00",25366,0.098,0.103,0.114,17.86,17.78,17.53,17.26,16.19,16.02,19.14,18.85,13.56,18.87
"2011-10-12 20:00:00",25367,0.098,0.103,0.114,17.82,17.74,17.51,17.26,16.21,16.01,19.07,18.76,13.55,18.74
"2011-10-12 20:15:00",25368,0.097,0.103,0.114,17.74,17.68,17.5,17.27,16.23,16.01,19.02,18.68,13.56,18.56
"2011-10-12 20:30:00",25369,0.097,0.103,0.114,17.68,17.62,17.47,17.27,16.26,16.02,18.95,18.6,13.55,18.43
"2011-10-12 20:45:00",25370,0.097,0.103,0.114,17.61,17.59,17.44,17.28,16.27,16.01,18.89,18.52,13.56,18.33
"2011-10-12 21:00:00",25371,0.097,0.103,0.114,17.58,17.53,17.41,17.27,16.28,16.01,18.83,18.45,13.56,18.25
"2011-10-12 21:15:00",25372,0.097,0.103,0.114,17.5,17.47,17.37,17.27,16.29,16.01,18.78,18.38,13.56,18.2
"2011-10-12 21:30:00",25373,0.097,0.103,0.114,17.46,17.44,17.37,17.27,16.3,16.01,18.72,18.32,13.56,18.15
"2011-10-12 21:45:00",25374,0.097,0.103,0.114,17.43,17.38,17.35,17.27,16.3,16.02,18.68,18.26,13.56,18.12
"2011-10-12 22:00:00",25375,0.097,0.103,0.114,17.37,17.36,17.32,17.26,16.31,16,18.63,18.2,13.56,18.07
"2011-10-12 22:15:00",25376,0.097,0.103,0.115,17.35,17.31,17.28,17.24,16.32,16.01,18.58,18.15,13.56,18.05
"2011-10-12 22:30:00",25377,0.097,0.103,0.115,17.32,17.26,17.27,17.23,16.33,16,18.54,18.1,13.56,18.05
"2011-10-12 22:45:00",25378,0.097,0.104,0.115,17.27,17.23,17.27,17.22,16.35,16.01,18.5,18.05,13.56,18.02
"2011-10-12 23:00:00",25379,0.097,0.104,0.115,17.24,17.22,17.23,17.22,16.36,16,18.46,18.01,13.56,18.02
"2011-10-12 23:15:00",25380,0.097,0.104,0.115,17.18,17.18,17.21,17.2,16.36,16.01,18.42,17.97,13.56,17.99
"2011-10-12 23:30:00",25381,0.097,0.104,0.115,17.14,17.13,17.18,17.19,16.38,16,18.39,17.93,13.56,17.99
"2011-10-12 23:45:00",25382,0.097,0.104,0.115,17.13,17.07,17.17,17.18,16.38,16.01,18.35,17.89,13.56,17.97
"2011-10-13 00:00:00",25383,0.097,0.104,0.115,17.11,17.04,17.15,17.18,16.39,16.01,18.32,17.86,13.56,17.97
"2011-10-13 00:15:00",25384,0.096,0.104,0.115,17.08,17.03,17.11,17.18,16.4,16,18.29,17.82,13.56,17.95
"2011-10-13 00:30:00",25385,0.096,0.104,0.115,17.04,17,17.06,17.17,16.41,15.99,18.25,17.79,13.56,17.92
"2011-10-13 00:45:00",25386,0.096,0.104,0.115,16.99,16.98,17.03,17.16,16.41,16,18.22,17.75,13.56,17.84
"2011-10-13 01:00:00",25387,0.096,0.104,0.115,16.98,16.98,17.01,17.14,16.41,16.01,18.19,17.72,13.56,17.77
"2011-10-13 01:15:00",25388,0.096,0.104,0.115,16.94,16.93,16.98,17.11,16.41,16,18.16,17.68,13.56,17.66
"2011-10-13 01:30:00",25389,0.096,0.104,0.115,16.89,16.89,16.98,17.09,16.41,15.99,18.12,17.65,13.56,17.56
"2011-10-13 01:45:00",25390,0.096,0.104,0.115,16.84,16.85,16.97,17.08,16.41,15.99,18.09,17.61,13.56,17.44
"2011-10-13 02:00:00",25391,0.096,0.104,0.115,16.82,16.8,16.94,17.06,16.41,15.99,18.05,17.58,13.56,17.39
"2011-10-13 02:15:00",25392,0.096,0.104,0.115,16.79,16.79,16.91,17.03,16.41,16,18.02,17.54,13.56,17.31
"2011-10-13 02:30:00",25393,0.096,0.104,0.115,16.75,16.77,16.89,17.03,16.4,16,17.99,17.51,13.56,17.24
"2011-10-13 02:45:00",25394,0.096,0.104,0.115,16.72,16.73,16.88,17.02,16.41,16,17.95,17.47,13.56,17.21
"2011-10-13 03:00:00",25395,0.096,0.104,0.115,16.7,16.7,16.87,17.01,16.41,16,17.92,17.44,13.56,17.19
"2011-10-13 03:15:00",25396,0.096,0.104,0.115,16.69,16.68,16.84,17.01,16.41,16,17.89,17.42,13.56,17.19
"2011-10-13 03:30:00",25397,0.096,0.104,0.115,16.67,16.67,16.83,16.99,16.41,16,17.87,17.39,13.56,17.21
"2011-10-13 03:45:00",25398,0.096,0.104,0.115,16.65,16.65,16.8,16.99,16.4,16,17.84,17.36,13.56,17.21
"2011-10-13 04:00:00",25399,0.096,0.104,0.115,16.63,16.65,16.78,16.98,16.4,16.01,17.82,17.34,13.56,17.16
"2011-10-13 04:15:00",25400,0.096,0.104,0.115,16.6,16.61,16.77,16.96,16.4,16.01,17.78,17.31,13.55,17.14
"2011-10-13 04:30:00",25401,0.096,0.104,0.115,16.6,16.6,16.75,16.95,16.4,16.01,17.76,17.3,13.55,17.06
"2011-10-13 04:45:00",25402,0.095,0.104,0.116,16.57,16.56,16.74,16.94,16.4,16.01,17.74,17.27,13.55,16.81
"2011-10-13 05:00:00",25403,0.095,0.104,0.116,16.51,16.54,16.72,16.91,16.4,16.01,17.71,17.24,13.56,16.61
"2011-10-13 05:15:00",25404,0.095,0.104,0.116,16.47,16.51,16.7,16.89,16.4,16.01,17.68,17.21,13.55,16.44
"2011-10-13 05:30:00",25405,0.095,0.104,0.116,16.43,16.49,16.69,16.89,16.38,16.02,17.64,17.17,13.55,16.24
"2011-10-13 05:45:00",25406,0.095,0.104,0.116,16.37,16.44,16.65,16.89,16.38,16.01,17.61,17.13,13.55,16.19
"2011-10-13 06:00:00",25407,0.095,0.104,0.116,16.35,16.41,16.64,16.89,16.38,16.02,17.57,17.09,13.55,16.32
"2011-10-13 06:15:00",25408,0.095,0.104,0.116,16.35,16.41,16.62,16.89,16.39,16.01,17.54,17.07,13.55,16.56
"2011-10-13 06:30:00",25409,0.095,0.104,0.116,16.37,16.38,16.61,16.86,16.39,16.02,17.52,17.06,13.55,16.81
"2011-10-13 06:45:00",25410,0.095,0.104,0.116,16.39,16.37,16.6,16.84,16.4,16.02,17.52,17.05,13.56,17.14
"2011-10-13 07:00:00",25411,0.095,0.104,0.116,16.44,16.38,16.56,16.83,16.4,16.03,17.52,17.06,13.56,17.54
"2011-10-13 07:15:00",25412,0.095,0.104,0.116,16.5,16.41,16.55,16.81,16.4,16.02,17.54,17.08,13.56,17.97
"2011-10-13 07:30:00",25413,0.095,0.104,0.116,16.57,16.43,16.55,16.79,16.4,16.03,17.57,17.12,13.56,18.35
"2011-10-13 07:45:00",25414,0.095,0.104,0.116,16.62,16.45,16.55,16.79,16.38,16.02,17.61,17.15,13.56,18.79
"2011-10-13 08:00:00",25415,0.095,0.104,0.116,16.72,16.5,16.56,16.79,16.39,16.03,17.65,17.2,13.56,19.18
"2011-10-13 08:15:00",25416,0.095,0.104,0.116,16.77,16.56,16.56,16.79,16.38,16.02,17.7,17.24,13.55,19.52
"2011-10-13 08:30:00",25417,0.095,0.104,0.116,16.86,16.59,16.57,16.79,16.37,16.02,17.75,17.29,13.56,19.89
"2011-10-13 08:45:00",25418,0.095,0.104,0.116,16.91,16.64,16.57,16.78,16.36,16.02,17.8,17.34,13.56,20.24
"2011-10-13 09:00:00",25419,0.095,0.104,0.115,16.97,16.69,16.59,16.77,16.35,16.02,17.86,17.39,13.56,20.58
"2011-10-13 09:15:00",25420,0.095,0.104,0.115,17.07,16.73,16.59,16.77,16.35,16.02,17.91,17.45,13.56,21.04
"2011-10-13 09:30:00",25421,0.095,0.104,0.115,17.17,16.77,16.62,16.77,16.35,16.02,17.99,17.51,13.56,21.53
"2011-10-13 09:45:00",25422,0.095,0.104,0.115,17.36,16.86,16.64,16.77,16.35,16.01,18.07,17.59,13.56,22.5
"2011-10-13 10:00:00",25423,0.095,0.104,0.115,17.67,16.96,16.67,16.77,16.35,16.03,18.22,17.73,13.56,23.52
"2011-10-13 10:15:00",25424,0.095,0.104,0.115,17.97,17.17,16.71,16.77,16.37,16.05,18.44,17.92,13.56,24.42
"2011-10-13 10:30:00",25425,0.095,0.104,0.115,18.23,17.37,16.75,16.77,16.36,16.06,18.69,18.12,13.56,24.95
"2011-10-13 10:45:00",25426,0.095,0.104,0.114,18.43,17.54,16.82,16.78,16.34,16.05,18.95,18.31,13.56,25.34
"2011-10-13 11:00:00",25427,0.095,0.103,0.114,18.62,17.69,16.88,16.8,16.34,16.05,19.17,18.47,13.56,26.41
"2011-10-13 11:15:00",25428,0.095,0.103,0.114,19.06,17.91,16.96,16.82,16.33,16.05,19.45,18.7,13.56,27.44
"2011-10-13 11:30:00",25429,0.095,0.103,0.114,19.4,18.14,17.04,16.84,16.32,16.05,19.77,18.97,13.56,27.94
"2011-10-13 11:45:00",25430,0.095,0.103,0.114,19.61,18.37,17.18,16.88,16.32,16.04,20.02,19.22,13.56,28.33
"2011-10-13 12:00:00",25431,0.096,0.103,0.114,19.82,18.59,17.28,16.92,16.32,16.05,20.2,19.42,13.56,28.92
"2011-10-13 12:15:00",25432,0.096,0.103,0.114,20.07,18.78,17.39,16.94,16.32,16.06,20.37,19.63,13.56,29.02
"2011-10-13 12:30:00",25433,0.096,0.103,0.114,20.21,18.95,17.49,16.99,16.32,16.05,20.53,19.82,13.56,28.72
"2011-10-13 12:45:00",25434,0.096,0.103,0.114,20.35,19.1,17.6,17.05,16.32,16.05,20.64,19.96,13.56,29.12
"2011-10-13 13:00:00",25435,0.096,0.103,0.113,20.57,19.25,17.71,17.12,16.33,16.05,20.76,20.11,13.56,29.85
"2011-10-13 13:15:00",25436,0.096,0.103,0.113,20.79,19.43,17.81,17.2,16.34,16.05,20.9,20.29,13.56,30.5
"2011-10-13 13:30:00",25437,0.096,0.103,0.113,20.95,19.6,17.91,17.24,16.35,16.06,21.04,20.46,13.56,30.95
"2011-10-13 13:45:00",25438,0.096,0.103,0.113,21.09,19.77,18.01,17.29,16.35,16.06,21.17,20.62,13.56,31.3
"2011-10-13 14:00:00",25439,0.096,0.103,0.113,21.19,19.91,18.14,17.35,16.35,16.05,21.28,20.76,13.56,30.53
"2011-10-13 14:15:00",25440,0.096,0.103,0.113,21.22,20.01,18.25,17.41,16.37,16.06,21.37,20.85,13.56,30.78
"2011-10-13 14:30:00",25441,0.096,0.103,0.113,21.36,20.13,18.35,17.48,16.39,16.06,21.45,20.94,13.56,33.25
"2011-10-13 14:45:00",25442,0.096,0.103,0.113,21.08,20.17,18.45,17.54,16.39,16.06,21.49,21,13.56,34.11
"2011-10-13 15:00:00",25443,0.096,0.103,0.113,20.93,20.13,18.53,17.6,16.4,16.05,21.46,21.05,13.56,33.06
"2011-10-13 15:15:00",25444,0.096,0.103,0.113,20.77,20.08,18.59,17.65,16.43,16.05,21.4,21.07,13.56,30.88
"2011-10-13 15:30:00",25445,0.096,0.103,0.113,20.61,20,18.65,17.71,16.44,16.05,21.33,21.02,13.56,29.15
"2011-10-13 15:45:00",25446,0.096,0.103,0.113,20.48,19.95,18.66,17.78,16.45,16.06,21.28,20.93,13.56,27.69
"2011-10-13 16:00:00",25447,0.096,0.103,0.113,20.39,19.87,18.7,17.82,16.46,16.07,21.23,20.84,13.55,26.96
"2011-10-13 16:15:00",25448,0.096,0.103,0.113,20.36,19.84,18.72,17.88,16.5,16.07,21.2,20.78,13.55,26.28
"2011-10-13 16:30:00",25449,0.096,0.103,0.113,20.25,19.81,18.74,17.9,16.5,16.07,21.17,20.72,13.56,25.49
"2011-10-13 16:45:00",25450,0.096,0.103,0.113,20.16,19.76,18.74,17.95,16.51,16.08,21.12,20.64,13.56,24.75
"2011-10-13 17:00:00",25451,0.096,0.103,0.113,20.06,19.68,18.73,17.99,16.55,16.07,21.06,20.56,13.56,24.04
"2011-10-13 17:15:00",25452,0.095,0.103,0.113,19.96,19.6,18.74,18.01,16.57,16.07,21,20.47,13.56,23.44
"2011-10-13 17:30:00",25453,0.095,0.103,0.113,19.86,19.54,18.73,18.05,16.57,16.06,20.94,20.37,13.56,22.84
"2011-10-13 17:45:00",25454,0.095,0.103,0.113,19.78,19.49,18.72,18.07,16.59,16.05,20.87,20.29,13.56,22.28
"2011-10-13 18:00:00",25455,0.095,0.103,0.113,19.68,19.44,18.7,18.06,16.62,16.05,20.8,20.21,13.55,21.75
"2011-10-13 18:15:00",25456,0.095,0.103,0.113,19.59,19.36,18.68,18.09,16.65,16.05,20.72,20.12,13.55,21.34
"2011-10-13 18:30:00",25457,0.095,0.103,0.113,19.51,19.28,18.68,18.11,16.67,16.05,20.64,20.04,13.55,21.04
"2011-10-13 18:45:00",25458,0.095,0.103,0.113,19.43,19.23,18.68,18.13,16.68,16.06,20.57,19.96,13.56,20.72
"2011-10-13 19:00:00",25459,0.095,0.103,0.113,19.34,19.16,18.66,18.15,16.69,16.06,20.49,19.88,13.56,20.45
"2011-10-13 19:15:00",25460,0.095,0.103,0.113,19.26,19.09,18.64,18.15,16.72,16.06,20.42,19.8,13.56,20.21
"2011-10-13 19:30:00",25461,0.095,0.103,0.113,19.16,19.04,18.6,18.15,16.73,16.06,20.35,19.73,13.56,20.02
"2011-10-13 19:45:00",25462,0.095,0.103,0.113,19.1,18.98,18.57,18.14,16.74,16.06,20.28,19.66,13.56,19.84
"2011-10-13 20:00:00",25463,0.095,0.103,0.113,19,18.94,18.54,18.14,16.78,16.07,20.21,19.59,13.56,19.7
"2011-10-13 20:15:00",25464,0.094,0.103,0.113,18.95,18.88,18.53,18.13,16.78,16.07,20.14,19.52,13.56,19.6
"2011-10-13 20:30:00",25465,0.094,0.103,0.113,18.89,18.83,18.51,18.13,16.78,16.07,20.08,19.45,13.56,19.52
"2011-10-13 20:45:00",25466,0.094,0.103,0.114,18.84,18.76,18.48,18.13,16.79,16.07,20.02,19.4,13.56,19.47
"2011-10-13 21:00:00",25467,0.094,0.103,0.114,18.73,18.71,18.44,18.12,16.81,16.07,19.96,19.33,13.56,19.36
"2011-10-13 21:15:00",25468,0.094,0.104,0.114,18.65,18.66,18.41,18.13,16.83,16.07,19.9,19.27,13.56,19.21
"2011-10-13 21:30:00",25469,0.094,0.104,0.114,18.56,18.6,18.4,18.12,16.83,16.07,19.84,19.21,13.56,18.97
"2011-10-13 21:45:00",25470,0.094,0.104,0.114,18.46,18.52,18.36,18.12,16.85,16.07,19.77,19.13,13.56,18.71
"2011-10-13 22:00:00",25471,0.094,0.104,0.114,18.36,18.43,18.31,18.12,16.88,16.07,19.69,19.05,13.56,18.48
"2011-10-13 22:15:00",25472,0.094,0.104,0.114,18.26,18.33,18.29,18.12,16.88,16.08,19.62,18.97,13.56,18.25
"2011-10-13 22:30:00",25473,0.094,0.104,0.114,18.16,18.26,18.26,18.09,16.89,16.08,19.54,18.89,13.56,17.99
"2011-10-13 22:45:00",25474,0.094,0.104,0.114,18.05,18.18,18.21,18.08,16.89,16.08,19.46,18.81,13.56,17.87
"2011-10-13 23:00:00",25475,0.094,0.104,0.114,17.98,18.1,18.15,18.07,16.89,16.08,19.39,18.73,13.56,17.74
"2011-10-13 23:15:00",25476,0.094,0.104,0.114,17.92,18.03,18.1,18.04,16.89,16.08,19.33,18.66,13.56,17.62
"2011-10-13 23:30:00",25477,0.094,0.104,0.114,17.82,17.95,18.05,18.03,16.89,16.08,19.25,18.59,13.56,17.51
"2011-10-13 23:45:00",25478,0.094,0.104,0.114,17.75,17.87,18.02,18.02,16.9,16.08,19.19,18.52,13.56,17.44
"2011-10-14 00:00:00",25479,0.094,0.104,0.114,17.69,17.84,17.96,18.01,16.91,16.08,19.12,18.46,13.56,17.44
"2011-10-14 00:15:00",25480,0.094,0.104,0.114,17.65,17.76,17.93,17.98,16.93,16.08,19.06,18.4,13.56,17.44
"2011-10-14 00:30:00",25481,0.093,0.104,0.114,17.57,17.71,17.88,17.95,16.93,16.08,19.01,18.35,13.56,17.36
"2011-10-14 00:45:00",25482,0.093,0.104,0.114,17.52,17.66,17.84,17.93,16.93,16.08,18.95,18.29,13.56,17.34
"2011-10-14 01:00:00",25483,0.093,0.104,0.114,17.47,17.59,17.82,17.9,16.93,16.08,18.89,18.24,13.56,17.36
"2011-10-14 01:15:00",25484,0.093,0.104,0.114,17.45,17.56,17.78,17.89,16.94,16.08,18.84,18.19,13.56,17.44
"2011-10-14 01:30:00",25485,0.093,0.104,0.114,17.4,17.51,17.73,17.88,16.94,16.08,18.79,18.15,13.56,17.46
"2011-10-14 01:45:00",25486,0.093,0.104,0.114,17.37,17.46,17.7,17.85,16.94,16.08,18.75,18.11,13.56,17.51
"2011-10-14 02:00:00",25487,0.093,0.104,0.114,17.35,17.45,17.68,17.82,16.93,16.08,18.71,18.07,13.56,17.51
"2011-10-14 02:15:00",25488,0.093,0.104,0.114,17.33,17.41,17.63,17.79,16.93,16.09,18.66,18.04,13.56,17.51
"2011-10-14 02:30:00",25489,0.093,0.104,0.114,17.31,17.37,17.6,17.76,16.93,16.09,18.62,18,13.56,17.56
"2011-10-14 02:45:00",25490,0.093,0.104,0.114,17.27,17.35,17.58,17.75,16.93,16.1,18.59,17.98,13.56,17.59
"2011-10-14 03:00:00",25491,0.093,0.104,0.114,17.26,17.32,17.55,17.74,16.94,16.1,18.56,17.95,13.56,17.62
"2011-10-14 03:15:00",25492,0.093,0.104,0.114,17.23,17.31,17.51,17.71,16.93,16.11,18.53,17.92,13.56,17.64
"2011-10-14 03:30:00",25493,0.093,0.104,0.115,17.2,17.27,17.48,17.69,16.93,16.11,18.49,17.89,13.56,17.64
"2011-10-14 03:45:00",25494,0.093,0.104,0.115,17.18,17.23,17.47,17.66,16.91,16.11,18.46,17.88,13.56,17.66
"2011-10-14 04:00:00",25495,0.093,0.104,0.115,17.16,17.22,17.46,17.65,16.91,16.12,18.44,17.85,13.56,17.66
"2011-10-14 04:15:00",25496,0.093,0.104,0.115,17.14,17.2,17.42,17.65,16.89,16.12,18.4,17.83,13.56,17.66
"2011-10-14 04:30:00",25497,0.093,0.104,0.115,17.13,17.2,17.39,17.64,16.89,16.12,18.38,17.81,13.56,17.74
"2011-10-14 04:45:00",25498,0.093,0.104,0.115,17.12,17.18,17.37,17.6,16.89,16.12,18.36,17.8,13.56,17.74
"2011-10-14 05:00:00",25499,0.093,0.104,0.115,17.12,17.16,17.37,17.58,16.89,16.13,18.33,17.77,13.56,17.74
"2011-10-14 05:15:00",25500,0.093,0.104,0.115,17.1,17.13,17.36,17.56,16.89,16.13,18.31,17.76,13.56,17.72
"2011-10-14 05:30:00",25501,0.093,0.104,0.115,17.07,17.09,17.32,17.55,16.89,16.13,18.28,17.74,13.56,17.72
"2011-10-14 05:45:00",25502,0.093,0.104,0.115,17.05,17.05,17.31,17.55,16.89,16.14,18.26,17.72,13.56,17.74
"2011-10-14 06:00:00",25503,0.093,0.104,0.115,17.04,17.04,17.28,17.54,16.89,16.14,18.23,17.7,13.56,17.79
"2011-10-14 06:15:00",25504,0.093,0.104,0.115,17.04,17.03,17.27,17.51,16.88,16.15,18.22,17.69,13.56,17.84
"2011-10-14 06:30:00",25505,0.093,0.104,0.115,17.04,17.03,17.27,17.5,16.89,16.15,18.2,17.68,13.56,17.89
"2011-10-14 06:45:00",25506,0.093,0.104,0.115,17.05,17.03,17.27,17.48,16.89,16.16,18.19,17.67,13.56,18.05
"2011-10-14 07:00:00",25507,0.093,0.104,0.115,17.07,17.03,17.24,17.46,16.88,16.17,18.18,17.67,13.56,18.2
"2011-10-14 07:15:00",25508,0.093,0.104,0.115,17.1,17.03,17.22,17.43,16.87,16.17,18.18,17.68,13.56,18.35
"2011-10-14 07:30:00",25509,0.093,0.104,0.115,17.12,17.04,17.22,17.43,16.86,16.17,18.18,17.68,13.56,18.38
"2011-10-14 07:45:00",25510,0.093,0.104,0.115,17.13,17.03,17.2,17.43,16.85,16.17,18.18,17.69,13.56,18.28
"2011-10-14 08:00:00",25511,0.093,0.104,0.115,17.13,17.04,17.19,17.41,16.84,16.17,18.18,17.7,13.56,18.17
"2011-10-14 08:15:00",25512,0.093,0.104,0.115,17.13,17.04,17.17,17.41,16.84,16.17,18.18,17.7,13.56,18.07
"2011-10-14 08:30:00",25513,0.093,0.104,0.115,17.12,17.03,17.17,17.4,16.83,16.18,18.18,17.7,13.56,17.97
"2011-10-14 08:45:00",25514,0.092,0.104,0.115,17.11,17.03,17.17,17.39,16.81,16.18,18.17,17.69,13.56,17.89
"2011-10-14 09:00:00",25515,0.092,0.104,0.115,17.1,17.03,17.17,17.37,16.81,16.17,18.16,17.68,13.56,17.89
"2011-10-14 09:15:00",25516,0.092,0.104,0.115,17.11,17.03,17.17,17.37,16.79,16.18,18.15,17.68,13.56,17.99
"2011-10-14 09:30:00",25517,0.092,0.104,0.115,17.12,17.03,17.16,17.36,16.79,16.19,18.15,17.68,13.56,18.15
"2011-10-14 09:45:00",25518,0.092,0.104,0.115,17.13,17.03,17.16,17.34,16.79,16.19,18.16,17.68,13.56,18.28
"2011-10-14 10:00:00",25519,0.092,0.104,0.115,17.17,17.04,17.17,17.33,16.79,16.21,18.16,17.7,13.56,18.48
"2011-10-14 10:15:00",25520,0.092,0.104,0.115,17.21,17.06,17.15,17.32,16.79,16.21,18.18,17.72,13.56,18.69
"2011-10-14 10:30:00",25521,0.092,0.104,0.115,17.27,17.08,17.15,17.32,16.79,16.21,18.2,17.74,13.56,18.95
"2011-10-14 10:45:00",25522,0.092,0.104,0.115,17.32,17.12,17.16,17.33,16.79,16.21,18.23,17.77,13.55,19.15
"2011-10-14 11:00:00",25523,0.092,0.104,0.115,17.36,17.15,17.15,17.32,16.79,16.21,18.26,17.8,13.55,19.31
"2011-10-14 11:15:00",25524,0.092,0.104,0.115,17.36,17.17,17.17,17.32,16.78,16.21,18.28,17.82,13.55,19.26
"2011-10-14 11:30:00",25525,0.092,0.104,0.115,17.38,17.21,17.17,17.31,16.78,16.21,18.3,17.84,13.55,19.31
"2011-10-14 11:45:00",25526,0.092,0.104,0.115,17.43,17.23,17.17,17.31,16.79,16.21,18.31,17.86,13.55,19.65
"2011-10-14 12:00:00",25527,0.092,0.104,0.115,17.5,17.26,17.17,17.31,16.78,16.21,18.34,17.89,13.56,20.05
"2011-10-14 12:15:00",25528,0.092,0.104,0.115,17.53,17.27,17.18,17.31,16.78,16.21,18.38,17.93,13.55,20.26
"2011-10-14 12:30:00",25529,0.092,0.104,0.115,17.59,17.31,17.18,17.31,16.77,16.21,18.41,17.97,13.56,20.37
"2011-10-14 12:45:00",25530,0.092,0.104,0.115,17.62,17.35,17.19,17.3,16.76,16.21,18.44,18,13.56,20.34
"2011-10-14 13:00:00",25531,0.092,0.104,0.115,17.64,17.36,17.2,17.3,16.74,16.21,18.46,18.01,13.56,20.29
"2011-10-14 13:15:00",25532,0.092,0.104,0.115,17.64,17.37,17.21,17.3,16.74,16.21,18.47,18.04,13.56,20.26
"2011-10-14 13:30:00",25533,0.092,0.103,0.115,17.66,17.4,17.24,17.31,16.74,16.21,18.48,18.05,13.56,20.24
"2011-10-14 13:45:00",25534,0.092,0.104,0.115,17.7,17.42,17.26,17.32,16.73,16.21,18.5,18.07,13.56,20.31
"2011-10-14 14:00:00",25535,0.092,0.104,0.115,17.73,17.45,17.26,17.32,16.73,16.21,18.52,18.09,13.56,20.29
"2011-10-14 14:15:00",25536,0.092,0.103,0.115,17.74,17.48,17.27,17.32,16.73,16.21,18.53,18.1,13.56,20.31
"2011-10-14 14:30:00",25537,0.092,0.103,0.115,17.76,17.5,17.29,17.33,16.73,16.21,18.55,18.12,13.56,20.48
"2011-10-14 14:45:00",25538,0.092,0.103,0.115,17.81,17.52,17.3,17.34,16.73,16.21,18.58,18.15,13.56,20.5
"2011-10-14 15:00:00",25539,0.092,0.103,0.115,17.83,17.54,17.3,17.34,16.73,16.21,18.59,18.18,13.56,20.53
"2011-10-14 15:15:00",25540,0.092,0.103,0.115,17.85,17.55,17.32,17.35,16.73,16.21,18.61,18.19,13.56,20.72
"2011-10-14 15:30:00",25541,0.092,0.103,0.115,17.9,17.59,17.33,17.35,16.73,16.22,18.63,18.22,13.56,20.91
"2011-10-14 15:45:00",25542,0.092,0.103,0.114,17.94,17.63,17.35,17.35,16.73,16.22,18.66,18.24,13.56,20.96
"2011-10-14 16:00:00",25543,0.092,0.103,0.114,17.96,17.64,17.36,17.35,16.73,16.23,18.68,18.27,13.56,20.91
"2011-10-14 16:15:00",25544,0.092,0.103,0.115,17.97,17.65,17.39,17.35,16.73,16.23,18.69,18.29,13.56,20.83
"2011-10-14 16:30:00",25545,0.092,0.103,0.115,17.97,17.67,17.4,17.35,16.73,16.23,18.7,18.3,13.56,20.72
"2011-10-14 16:45:00",25546,0.092,0.103,0.115,17.97,17.69,17.42,17.36,16.73,16.22,18.7,18.3,13.56,20.66
"2011-10-14 17:00:00",25547,0.092,0.103,0.115,17.97,17.69,17.42,17.37,16.73,16.22,18.71,18.3,13.56,20.56
"2011-10-14 17:15:00",25548,0.092,0.103,0.115,17.97,17.71,17.43,17.38,16.73,16.22,18.71,18.31,13.56,20.42
"2011-10-14 17:30:00",25549,0.092,0.103,0.115,17.96,17.72,17.44,17.4,16.73,16.22,18.7,18.3,13.56,20.34
"2011-10-14 17:45:00",25550,0.092,0.103,0.115,17.95,17.72,17.45,17.4,16.73,16.21,18.69,18.3,13.56,20.26
"2011-10-14 18:00:00",25551,0.092,0.103,0.115,17.96,17.72,17.45,17.4,16.73,16.21,18.69,18.3,13.56,20.21
"2011-10-14 18:15:00",25552,0.092,0.103,0.115,17.96,17.72,17.45,17.4,16.73,16.21,18.68,18.3,13.56,20.15
"2011-10-14 18:30:00",25553,0.092,0.103,0.115,17.94,17.73,17.46,17.4,16.73,16.21,18.67,18.3,13.56,20.1
"2011-10-14 18:45:00",25554,0.092,0.103,0.115,17.93,17.72,17.47,17.42,16.73,16.21,18.66,18.29,13.56,20.05
"2011-10-14 19:00:00",25555,0.092,0.103,0.115,17.93,17.71,17.48,17.44,16.73,16.21,18.65,18.28,13.56,20
"2011-10-14 19:15:00",25556,0.092,0.103,0.115,17.92,17.72,17.49,17.45,16.73,16.21,18.64,18.27,13.56,19.94
"2011-10-14 19:30:00",25557,0.092,0.103,0.115,17.91,17.7,17.5,17.45,16.73,16.21,18.63,18.27,13.56,19.86
"2011-10-14 19:45:00",25558,0.092,0.103,0.115,17.89,17.7,17.49,17.45,16.74,16.21,18.62,18.26,13.56,19.81
"2011-10-14 20:00:00",25559,0.092,0.103,0.115,17.88,17.69,17.5,17.45,16.73,16.22,18.61,18.24,13.56,19.78
"2011-10-14 20:15:00",25560,0.092,0.103,0.115,17.88,17.69,17.5,17.45,16.74,16.21,18.59,18.24,13.56,19.73
"2011-10-14 20:30:00",25561,0.092,0.103,0.115,17.87,17.68,17.5,17.45,16.74,16.22,18.58,18.23,13.56,19.55
"2011-10-14 20:45:00",25562,0.092,0.103,0.115,17.85,17.68,17.5,17.45,16.75,16.23,18.57,18.23,13.55,19.28
"2011-10-14 21:00:00",25563,0.092,0.103,0.115,17.84,17.66,17.5,17.46,16.75,16.22,18.56,18.21,13.55,19.08
"2011-10-14 21:15:00",25564,0.092,0.104,0.115,17.82,17.64,17.5,17.46,16.75,16.22,18.54,18.19,13.55,18.89
"2011-10-14 21:30:00",25565,0.092,0.104,0.115,17.78,17.63,17.5,17.46,16.76,16.23,18.52,18.18,13.55,18.82
"2011-10-14 21:45:00",25566,0.092,0.104,0.115,17.74,17.61,17.5,17.46,16.76,16.24,18.51,18.16,13.55,18.77
"2011-10-14 22:00:00",25567,0.092,0.104,0.115,17.73,17.6,17.5,17.46,16.77,16.23,18.49,18.14,13.55,18.77
"2011-10-14 22:15:00",25568,0.092,0.103,0.115,17.71,17.6,17.49,17.47,16.77,16.24,18.47,18.13,13.55,18.77
"2011-10-14 22:30:00",25569,0.092,0.104,0.115,17.71,17.59,17.47,17.46,16.78,16.24,18.45,18.12,13.55,18.77
"2011-10-14 22:45:00",25570,0.092,0.104,0.115,17.7,17.56,17.47,17.46,16.77,16.24,18.44,18.1,13.55,18.77
"2011-10-14 23:00:00",25571,0.092,0.104,0.115,17.69,17.55,17.45,17.46,16.78,16.25,18.42,18.09,13.55,18.74
"2011-10-14 23:15:00",25572,0.092,0.104,0.115,17.68,17.53,17.45,17.46,16.78,16.24,18.41,18.08,13.55,18.71
"2011-10-14 23:30:00",25573,0.092,0.104,0.115,17.66,17.52,17.45,17.47,16.78,16.24,18.4,18.06,13.56,18.74
"2011-10-14 23:45:00",25574,0.092,0.104,0.115,17.65,17.51,17.45,17.46,16.78,16.25,18.38,18.05,13.56,18.71
