"TOA5","WTC01","CR1000","33590","CR1000.Std.19","CPU:WTCsensors_Ch1.CR1","47130","Table1"
"TIMESTAMP","RECORD","VW_Avg(1)","VW_Avg(2)","VW_Avg(3)","SoilTempProbe_Avg(1)","SoilTempProbe_Avg(2)","SoilTempProbe_Avg(3)","SoilTempProbe_Avg(4)","SoilTempProbe_Avg(5)","SoilTempProbe_Avg(6)","SoilTemp_Avg(1)","SoilTemp_Avg(2)","BattV_Min","PTemp"
"TS","RN","","","","Deg C","Deg C","Deg C","Deg C","Deg C","Deg C","Deg C","Deg C","Volts",""
"","","Avg","Avg","Avg","Avg","Avg","Avg","Avg","Avg","Avg","Avg","Avg","Min","Smp"
"2011-10-10 00:00:00",20485,0.043,0.046,0.036,16.8,17.29,17.64,17.85,16.81,15.93,17.88,17.94,13.47,10.9
"2011-10-10 00:15:00",20486,0.043,0.046,0.036,16.65,17.18,17.57,17.82,16.81,15.93,17.75,17.82,13.47,10.67
"2011-10-10 00:30:00",20487,0.043,0.046,0.036,16.52,17.02,17.51,17.78,16.82,15.93,17.62,17.71,13.47,10.49
"2011-10-10 00:45:00",20488,0.043,0.046,0.036,16.41,16.9,17.43,17.73,16.83,15.93,17.51,17.6,13.47,10.31
"2011-10-10 01:00:00",20489,0.043,0.046,0.036,16.31,16.8,17.37,17.71,16.84,15.95,17.39,17.5,13.47,10.2
"2011-10-10 01:15:00",20490,0.044,0.046,0.037,16,16.67,17.29,17.66,16.84,15.94,17.26,17.39,13.47,10.11
"2011-10-10 01:30:00",20491,0.044,0.046,0.037,15.66,16.44,17.23,17.63,16.84,15.95,17.04,17.27,13.47,10.11
"2011-10-10 01:45:00",20492,0.044,0.046,0.037,15.54,16.25,17.1,17.61,16.82,15.95,16.82,17.08,13.47,10.04
"2011-10-10 02:00:00",20493,0.044,0.046,0.037,15.43,16.09,16.99,17.55,16.83,15.96,16.66,16.93,13.47,9.93
"2011-10-10 02:15:00",20494,0.044,0.046,0.037,15.3,15.94,16.89,17.52,16.82,15.95,16.52,16.81,13.47,9.71
"2011-10-10 02:30:00",20495,0.044,0.046,0.037,15.18,15.82,16.79,17.49,16.82,15.96,16.39,16.69,13.47,9.5
"2011-10-10 02:45:00",20496,0.044,0.046,0.037,15.06,15.71,16.71,17.42,16.81,15.96,16.26,16.58,13.47,9.26
"2011-10-10 03:00:00",20497,0.044,0.046,0.037,14.91,15.59,16.64,17.39,16.81,15.96,16.12,16.46,13.47,9.1
"2011-10-10 03:15:00",20498,0.044,0.046,0.037,14.79,15.48,16.54,17.33,16.81,15.95,15.99,16.34,13.47,8.97
"2011-10-10 03:30:00",20499,0.044,0.046,0.037,14.66,15.37,16.44,17.27,16.8,15.96,15.87,16.24,13.47,8.9
"2011-10-10 03:45:00",20500,0.044,0.046,0.037,14.53,15.26,16.37,17.23,16.78,15.95,15.75,16.13,13.47,8.83
"2011-10-10 04:00:00",20501,0.044,0.046,0.037,14.42,15.16,16.27,17.16,16.77,15.95,15.63,16.03,13.47,8.72
"2011-10-10 04:15:00",20502,0.044,0.046,0.037,14.32,15.05,16.19,17.11,16.76,15.96,15.51,15.93,13.46,8.59
"2011-10-10 04:30:00",20503,0.044,0.046,0.037,14.22,14.93,16.11,17.06,16.73,15.96,15.4,15.83,13.47,8.46
"2011-10-10 04:45:00",20504,0.044,0.046,0.037,14.12,14.83,16.04,17.01,16.73,15.96,15.28,15.73,13.47,8.37
"2011-10-10 05:00:00",20505,0.044,0.046,0.037,14.03,14.74,15.96,16.97,16.7,15.96,15.17,15.64,13.47,8.3
"2011-10-10 05:15:00",20506,0.044,0.046,0.037,13.95,14.65,15.86,16.91,16.69,15.96,15.08,15.55,13.47,8.28
"2011-10-10 05:30:00",20507,0.044,0.046,0.037,13.88,14.56,15.78,16.87,16.68,15.96,14.98,15.46,13.47,8.33
"2011-10-10 05:45:00",20508,0.044,0.046,0.037,13.8,14.47,15.71,16.81,16.68,15.97,14.9,15.39,13.47,8.48
"2011-10-10 06:00:00",20509,0.044,0.046,0.037,13.77,14.41,15.63,16.76,16.67,15.97,14.83,15.32,13.47,8.77
"2011-10-10 06:15:00",20510,0.044,0.046,0.037,13.74,14.33,15.56,16.7,16.63,15.97,14.78,15.27,13.47,9.08
"2011-10-10 06:30:00",20511,0.044,0.045,0.037,13.73,14.31,15.49,16.66,16.6,15.97,14.76,15.23,13.47,9.44
"2011-10-10 06:45:00",20512,0.044,0.045,0.037,13.76,14.29,15.42,16.6,16.58,15.99,14.76,15.21,13.47,9.88
"2011-10-10 07:00:00",20513,0.044,0.045,0.037,13.8,14.27,15.38,16.56,16.58,16,14.77,15.19,13.47,10.36
"2011-10-10 07:15:00",20514,0.044,0.045,0.037,13.89,14.3,15.32,16.5,16.56,15.99,14.8,15.2,13.47,10.83
"2011-10-10 07:30:00",20515,0.044,0.045,0.037,13.96,14.33,15.29,16.47,16.53,15.99,14.84,15.22,13.47,11.24
"2011-10-10 07:45:00",20516,0.044,0.045,0.037,14.05,14.35,15.26,16.41,16.5,15.99,14.88,15.25,13.47,11.56
"2011-10-10 08:00:00",20517,0.044,0.045,0.037,14.13,14.39,15.22,16.36,16.48,15.99,14.94,15.28,13.47,12.12
"2011-10-10 08:15:00",20518,0.044,0.045,0.037,14.3,14.46,15.21,16.33,16.47,15.99,15.02,15.35,13.47,12.81
"2011-10-10 08:30:00",20519,0.044,0.045,0.037,14.53,14.57,15.21,16.28,16.44,16.01,15.12,15.45,13.47,13.61
"2011-10-10 08:45:00",20520,0.044,0.045,0.037,14.84,14.71,15.21,16.26,16.42,16.02,15.24,15.58,13.47,14.49
"2011-10-10 09:00:00",20521,0.044,0.045,0.037,15.13,14.88,15.21,16.22,16.41,16.02,15.38,15.74,13.47,15.51
"2011-10-10 09:15:00",20522,0.044,0.045,0.037,15.41,15.09,15.24,16.18,16.39,16.01,15.56,15.92,13.47,16.61
"2011-10-10 09:30:00",20523,0.044,0.045,0.037,15.68,15.31,15.28,16.18,16.35,16.01,15.76,16.11,13.47,17.62
"2011-10-10 09:45:00",20524,0.044,0.045,0.037,15.94,15.48,15.35,16.16,16.35,16.01,16.05,16.3,13.47,18.38
"2011-10-10 10:00:00",20525,0.044,0.045,0.037,16.2,15.66,15.41,16.15,16.33,16.01,16.45,16.49,13.47,18.97
"2011-10-10 10:15:00",20526,0.044,0.045,0.037,16.41,15.86,15.5,16.14,16.29,16,17.03,16.68,13.47,19.52
"2011-10-10 10:30:00",20527,0.044,0.045,0.037,16.55,16.01,15.57,16.14,16.26,16,17.58,16.83,13.47,20.05
"2011-10-10 10:45:00",20528,0.044,0.045,0.037,16.69,16.19,15.65,16.14,16.25,16,17.96,16.98,13.47,20.31
"2011-10-10 11:00:00",20529,0.044,0.045,0.037,16.81,16.31,15.74,16.15,16.25,16.01,18.18,17.12,13.47,20.58
"2011-10-10 11:15:00",20530,0.044,0.045,0.037,16.92,16.44,15.81,16.18,16.23,16.01,18.33,17.28,13.47,20.96
"2011-10-10 11:30:00",20531,0.044,0.045,0.036,17.09,16.55,15.91,16.2,16.2,16.02,18.37,17.46,13.47,21.42
"2011-10-10 11:45:00",20532,0.044,0.045,0.036,17.25,16.67,16,16.23,16.18,16.02,18.37,17.62,13.47,21.95
"2011-10-10 12:00:00",20533,0.044,0.045,0.036,17.38,16.8,16.07,16.25,16.18,16.03,18.37,17.78,13.47,22.59
"2011-10-10 12:15:00",20534,0.044,0.045,0.036,17.52,16.91,16.14,16.29,16.18,16.03,18.38,17.94,13.47,23.55
"2011-10-10 12:30:00",20535,0.044,0.045,0.036,17.68,17.05,16.23,16.31,16.17,16.03,18.42,18.2,13.47,24.39
"2011-10-10 12:45:00",20536,0.044,0.045,0.036,17.83,17.2,16.29,16.32,16.16,16.02,18.45,18.52,13.47,25.01
"2011-10-10 13:00:00",20537,0.044,0.045,0.036,17.98,17.32,16.37,16.37,16.15,16.02,18.5,18.65,13.47,26.53
"2011-10-10 13:15:00",20538,0.044,0.045,0.036,18.26,17.47,16.44,16.41,16.14,16.01,18.56,18.76,13.47,28.46
"2011-10-10 13:30:00",20539,0.044,0.045,0.036,18.58,17.67,16.54,16.45,16.15,16,18.66,18.92,13.47,29.72
"2011-10-10 13:45:00",20540,0.044,0.045,0.036,18.8,17.86,16.62,16.48,16.15,16,18.76,19.13,13.47,30.84
"2011-10-10 14:00:00",20541,0.044,0.045,0.036,19.05,18.07,16.7,16.51,16.14,16.01,18.87,19.35,13.47,30.53
"2011-10-10 14:15:00",20542,0.044,0.045,0.036,19.3,18.28,16.8,16.56,16.14,16.01,18.98,19.6,13.47,30.02
"2011-10-10 14:30:00",20543,0.044,0.045,0.036,19.49,18.46,16.93,16.6,16.14,16,19.1,19.94,13.47,29.65
"2011-10-10 14:45:00",20544,0.044,0.045,0.036,19.72,18.65,17.04,16.64,16.14,15.99,19.22,20.29,13.47,30.36
"2011-10-10 15:00:00",20545,0.044,0.045,0.036,19.86,18.81,17.2,16.71,16.15,16,19.35,20.62,13.47,29.92
"2011-10-10 15:15:00",20546,0.044,0.045,0.036,19.94,18.94,17.32,16.76,16.16,16,19.46,20.75,13.47,29.78
"2011-10-10 15:30:00",20547,0.044,0.045,0.036,20.06,19.06,17.43,16.82,16.17,15.99,19.57,20.78,13.47,29.92
"2011-10-10 15:45:00",20548,0.044,0.045,0.036,20.16,19.21,17.53,16.88,16.16,15.99,19.69,20.8,13.47,29.18
"2011-10-10 16:00:00",20549,0.044,0.045,0.036,20.2,19.3,17.63,16.95,16.16,15.99,19.79,20.78,13.47,27.53
"2011-10-10 16:15:00",20550,0.044,0.045,0.036,20.22,19.37,17.71,17,16.18,15.99,19.87,20.74,13.47,26.07
"2011-10-10 16:30:00",20551,0.044,0.045,0.036,20.19,19.41,17.79,17.05,16.19,16,19.91,20.68,13.47,24.89
"2011-10-10 16:45:00",20552,0.044,0.045,0.036,20.12,19.42,17.87,17.11,16.2,16.01,19.93,20.61,13.47,23.9
"2011-10-10 17:00:00",20553,0.044,0.045,0.036,20.06,19.41,17.94,17.17,16.21,15.99,19.93,20.53,13.47,23.1
"2011-10-10 17:15:00",20554,0.044,0.045,0.036,20.03,19.39,18,17.23,16.22,16.01,19.93,20.46,13.47,22.47
"2011-10-10 17:30:00",20555,0.044,0.045,0.036,19.96,19.39,18.05,17.28,16.26,16.01,19.92,20.4,13.47,21.89
"2011-10-10 17:45:00",20556,0.044,0.045,0.036,19.92,19.38,18.06,17.35,16.27,15.99,19.92,20.33,13.47,21.31
"2011-10-10 18:00:00",20557,0.044,0.045,0.036,19.84,19.36,18.12,17.38,16.29,16,19.9,20.26,13.47,20.85
"2011-10-10 18:15:00",20558,0.044,0.045,0.036,19.77,19.32,18.15,17.43,16.3,16,19.87,20.19,13.47,20.37
"2011-10-10 18:30:00",20559,0.044,0.045,0.036,19.7,19.27,18.15,17.46,16.32,15.99,19.85,20.12,13.47,19.89
"2011-10-10 18:45:00",20560,0.044,0.045,0.036,19.57,19.22,18.15,17.5,16.34,15.99,19.81,20.05,13.47,19.39
"2011-10-10 19:00:00",20561,0.044,0.045,0.036,19.44,19.15,18.17,17.53,16.37,15.99,19.76,19.96,13.47,18.87
"2011-10-10 19:15:00",20562,0.045,0.045,0.036,19.32,19.07,18.17,17.55,16.38,15.99,19.7,19.86,13.47,18.43
"2011-10-10 19:30:00",20563,0.045,0.045,0.036,19.2,18.97,18.17,17.59,16.38,15.97,19.64,19.75,13.47,18.07
"2011-10-10 19:45:00",20564,0.045,0.045,0.036,19.12,18.91,18.16,17.62,16.41,15.96,19.58,19.66,13.47,17.84
"2011-10-10 20:00:00",20565,0.045,0.045,0.036,19.02,18.82,18.14,17.63,16.44,15.96,19.52,19.58,13.47,17.64
"2011-10-10 20:15:00",20566,0.045,0.045,0.036,18.92,18.77,18.12,17.64,16.46,15.96,19.46,19.5,13.47,17.41
"2011-10-10 20:30:00",20567,0.045,0.045,0.036,18.81,18.7,18.12,17.66,16.47,15.96,19.4,19.41,13.47,17.16
"2011-10-10 20:45:00",20568,0.045,0.045,0.036,18.7,18.63,18.09,17.68,16.48,15.96,19.32,19.31,13.47,16.94
"2011-10-10 21:00:00",20569,0.045,0.045,0.036,18.63,18.54,18.08,17.69,16.5,15.96,19.25,19.21,13.47,16.71
"2011-10-10 21:15:00",20570,0.045,0.045,0.036,18.52,18.47,18.03,17.69,16.53,15.96,19.18,19.13,13.47,16.51
"2011-10-10 21:30:00",20571,0.045,0.045,0.036,18.37,18.38,17.99,17.7,16.54,15.97,19.11,19.04,13.47,16.34
"2011-10-10 21:45:00",20572,0.045,0.045,0.036,18.25,18.3,17.97,17.7,16.56,15.96,19.03,18.95,13.47,16.22
"2011-10-10 22:00:00",20573,0.045,0.045,0.036,18.21,18.21,17.94,17.7,16.56,15.96,18.97,18.87,13.47,16.22
"2011-10-10 22:15:00",20574,0.045,0.045,0.036,18.17,18.17,17.89,17.69,16.57,15.96,18.91,18.82,13.47,16.49
"2011-10-10 22:30:00",20575,0.045,0.045,0.036,18.21,18.13,17.87,17.7,16.59,15.96,18.87,18.8,13.47,16.66
"2011-10-10 22:45:00",20576,0.045,0.045,0.036,18.22,18.13,17.84,17.69,16.59,15.96,18.86,18.79,13.47,16.61
"2011-10-10 23:00:00",20577,0.045,0.045,0.036,18.21,18.12,17.79,17.69,16.61,15.96,18.85,18.78,13.47,16.41
"2011-10-10 23:15:00",20578,0.045,0.045,0.036,18.16,18.09,17.78,17.69,16.63,15.97,18.82,18.74,13.47,16.12
"2011-10-10 23:30:00",20579,0.045,0.045,0.036,18.1,18.06,17.75,17.68,16.63,15.96,18.79,18.7,13.47,15.73
"2011-10-10 23:45:00",20580,0.045,0.045,0.036,17.93,17.97,17.74,17.66,16.64,15.96,18.73,18.64,13.47,15.19
"2011-10-11 00:00:00",20581,0.045,0.045,0.036,17.75,17.87,17.7,17.65,16.65,15.97,18.63,18.53,13.47,14.61
"2011-10-11 00:15:00",20582,0.045,0.045,0.036,17.56,17.75,17.7,17.65,16.65,15.97,18.5,18.42,13.46,14.04
"2011-10-11 00:30:00",20583,0.045,0.045,0.036,17.37,17.64,17.65,17.65,16.65,15.98,18.38,18.3,13.47,13.54
"2011-10-11 00:45:00",20584,0.045,0.045,0.036,17.2,17.52,17.6,17.65,16.65,15.98,18.24,18.17,13.47,13.16
"2011-10-11 01:00:00",20585,0.045,0.045,0.036,17.04,17.4,17.56,17.62,16.65,15.98,18.13,18.05,13.47,12.86
"2011-10-11 01:15:00",20586,0.045,0.045,0.036,16.9,17.29,17.49,17.61,16.67,15.99,18.02,17.95,13.47,12.53
"2011-10-11 01:30:00",20587,0.045,0.045,0.037,16.78,17.18,17.43,17.58,16.69,15.98,17.91,17.83,13.46,12.23
"2011-10-11 01:45:00",20588,0.045,0.045,0.037,16.64,17.04,17.36,17.56,16.7,15.99,17.8,17.73,13.46,11.91
"2011-10-11 02:00:00",20589,0.045,0.045,0.037,16.5,16.91,17.32,17.53,16.71,15.99,17.67,17.61,13.47,11.61
"2011-10-11 02:15:00",20590,0.045,0.045,0.037,16.4,16.81,17.25,17.53,16.7,15.99,17.57,17.51,13.47,11.36
"2011-10-11 02:30:00",20591,0.045,0.045,0.037,16.3,16.71,17.16,17.5,16.71,15.99,17.47,17.41,13.47,11.15
"2011-10-11 02:45:00",20592,0.045,0.045,0.037,16.21,16.61,17.06,17.46,16.71,15.99,17.38,17.31,13.47,10.97
"2011-10-11 03:00:00",20593,0.045,0.045,0.037,16.12,16.52,17,17.43,16.7,15.99,17.29,17.23,13.47,10.7
"2011-10-11 03:15:00",20594,0.045,0.045,0.037,15.96,16.42,16.92,17.42,16.7,15.99,17.15,17.12,13.47,10.4
"2011-10-11 03:30:00",20595,0.045,0.045,0.037,15.78,16.31,16.87,17.39,16.7,15.99,17,17.01,13.47,10.11
"2011-10-11 03:45:00",20596,0.045,0.045,0.037,15.64,16.19,16.79,17.33,16.7,15.99,16.86,16.89,13.47,9.84
"2011-10-11 04:00:00",20597,0.045,0.045,0.037,15.49,16.06,16.74,17.3,16.7,15.99,16.71,16.78,13.46,9.55
"2011-10-11 04:15:00",20598,0.045,0.045,0.037,15.31,15.9,16.67,17.27,16.68,15.99,16.53,16.65,13.46,9.21
"2011-10-11 04:30:00",20599,0.045,0.045,0.037,15.15,15.77,16.6,17.24,16.67,15.99,16.35,16.51,13.46,8.9
"2011-10-11 04:45:00",20600,0.045,0.045,0.037,14.99,15.65,16.51,17.18,16.68,16,16.17,16.38,13.46,8.59
"2011-10-11 05:00:00",20601,0.045,0.045,0.037,14.83,15.51,16.43,17.13,16.67,15.99,15.99,16.25,13.46,8.33
"2011-10-11 05:15:00",20602,0.045,0.045,0.037,14.66,15.4,16.36,17.1,16.68,16,15.82,16.12,13.46,8.1
"2011-10-11 05:30:00",20603,0.045,0.045,0.037,14.49,15.27,16.28,17.06,16.67,16,15.66,16,13.46,7.862
"2011-10-11 05:45:00",20604,0.045,0.045,0.037,14.34,15.13,16.19,17.01,16.65,16.01,15.48,15.86,13.46,7.663
"2011-10-11 06:00:00",20605,0.045,0.045,0.037,14.2,14.97,16.1,16.98,16.64,16.01,15.31,15.74,13.46,7.575
"2011-10-11 06:15:00",20606,0.045,0.045,0.037,14.09,14.85,16.01,16.94,16.64,16.01,15.17,15.63,13.46,7.641
"2011-10-11 06:30:00",20607,0.045,0.045,0.037,14.02,14.74,15.92,16.88,16.62,16.01,15.07,15.54,13.46,7.862
"2011-10-11 06:45:00",20608,0.045,0.045,0.037,14,14.67,15.81,16.84,16.59,16.01,15.03,15.48,13.46,8.28
"2011-10-11 07:00:00",20609,0.045,0.045,0.037,14.07,14.64,15.74,16.78,16.59,16.01,15.02,15.44,13.46,8.86
"2011-10-11 07:15:00",20610,0.045,0.045,0.037,14.18,14.64,15.67,16.73,16.59,16.01,15.04,15.44,13.46,9.79
"2011-10-11 07:30:00",20611,0.045,0.045,0.037,14.37,14.67,15.61,16.68,16.57,16,15.11,15.5,13.46,10.88
"2011-10-11 07:45:00",20612,0.045,0.045,0.037,14.57,14.76,15.55,16.63,16.54,16,15.21,15.59,13.46,11.89
"2011-10-11 08:00:00",20613,0.045,0.045,0.037,14.81,14.86,15.52,16.58,16.52,15.99,15.32,15.7,13.47,12.86
"2011-10-11 08:15:00",20614,0.045,0.045,0.037,15.01,14.99,15.54,16.54,16.52,16.02,15.44,15.81,13.46,13.8
"2011-10-11 08:30:00",20615,0.045,0.045,0.037,15.22,15.14,15.54,16.5,16.51,16.03,15.57,15.93,13.46,14.73
"2011-10-11 08:45:00",20616,0.045,0.045,0.037,15.45,15.27,15.54,16.46,16.48,16.03,15.71,16.06,13.47,15.51
"2011-10-11 09:00:00",20617,0.045,0.045,0.037,15.68,15.43,15.56,16.43,16.45,16.02,15.87,16.2,13.47,16.32
"2011-10-11 09:15:00",20618,0.045,0.045,0.036,15.89,15.57,15.6,16.42,16.44,16.02,16.03,16.34,13.47,17.19
"2011-10-11 09:30:00",20619,0.045,0.045,0.036,16.08,15.72,15.64,16.4,16.44,16.02,16.2,16.48,13.47,17.84
"2011-10-11 09:45:00",20620,0.045,0.045,0.036,16.23,15.85,15.7,16.38,16.4,16.02,16.39,16.62,13.47,18.48
"2011-10-11 10:00:00",20621,0.045,0.045,0.036,16.33,15.97,15.75,16.37,16.39,16.02,16.6,16.74,13.47,19
"2011-10-11 10:15:00",20622,0.045,0.045,0.036,16.41,16.09,15.81,16.36,16.38,16.02,16.78,16.84,13.47,19.49
"2011-10-11 10:30:00",20623,0.045,0.045,0.036,16.55,16.19,15.87,16.36,16.37,16.03,16.96,16.95,13.47,19.92
"2011-10-11 10:45:00",20624,0.045,0.045,0.036,16.7,16.3,15.95,16.37,16.34,16.03,17.14,17.08,13.47,20.18
"2011-10-11 11:00:00",20625,0.045,0.045,0.036,16.86,16.42,16,16.37,16.32,16.02,17.31,17.21,13.47,20.42
"2011-10-11 11:15:00",20626,0.045,0.045,0.036,17,16.53,16.05,16.38,16.31,16.02,17.46,17.35,13.47,20.77
"2011-10-11 11:30:00",20627,0.045,0.045,0.036,17.17,16.64,16.11,16.4,16.29,16.03,17.59,17.48,13.47,21.23
"2011-10-11 11:45:00",20628,0.045,0.045,0.036,17.33,16.77,16.17,16.42,16.29,16.02,17.7,17.62,13.47,21.7
"2011-10-11 12:00:00",20629,0.045,0.045,0.036,17.49,16.9,16.23,16.45,16.29,16.03,17.81,17.75,13.47,22.11
"2011-10-11 12:15:00",20630,0.045,0.045,0.036,17.63,17.04,16.3,16.46,16.27,16.03,17.91,17.89,13.47,22.59
"2011-10-11 12:30:00",20631,0.045,0.045,0.036,17.76,17.18,16.37,16.5,16.26,16.03,18.01,18.03,13.47,23.18
"2011-10-11 12:45:00",20632,0.045,0.045,0.036,17.91,17.29,16.45,16.51,16.26,16.03,18.09,18.19,13.47,23.67
"2011-10-11 13:00:00",20633,0.045,0.045,0.036,18,17.4,16.51,16.51,16.25,16.03,18.17,18.28,13.47,23.61
"2011-10-11 13:15:00",20634,0.045,0.045,0.036,18.12,17.5,16.58,16.55,16.23,16.03,18.24,18.36,13.47,24.51
"2011-10-11 13:30:00",20635,0.045,0.045,0.036,18.3,17.62,16.64,16.59,16.23,16.04,18.32,18.47,13.47,26.28
"2011-10-11 13:45:00",20636,0.045,0.045,0.036,18.52,17.74,16.7,16.63,16.24,16.04,18.4,18.65,13.47,28.2
"2011-10-11 14:00:00",20637,0.045,0.045,0.036,18.65,17.87,16.79,16.67,16.24,16.04,18.47,18.84,13.47,29.95
"2011-10-11 14:15:00",20638,0.045,0.045,0.036,18.8,17.99,16.85,16.7,16.24,16.04,18.52,19.02,13.47,31.44
"2011-10-11 14:30:00",20639,0.045,0.045,0.036,18.94,18.16,16.94,16.74,16.23,16.03,18.58,19.36,13.47,31.86
"2011-10-11 14:45:00",20640,0.045,0.045,0.036,19.01,18.26,17.01,16.76,16.22,16.04,18.65,19.68,13.47,32.73
"2011-10-11 15:00:00",20641,0.045,0.045,0.036,19.09,18.35,17.12,16.8,16.23,16.05,18.73,19.95,13.47,33.17
"2011-10-11 15:15:00",20642,0.045,0.045,0.036,19.13,18.43,17.23,16.86,16.22,16.05,18.79,20.09,13.47,33.14
"2011-10-11 15:30:00",20643,0.045,0.045,0.036,19.17,18.49,17.29,16.88,16.23,16.06,18.85,20.14,13.47,32.95
"2011-10-11 15:45:00",20644,0.045,0.045,0.036,19.21,18.55,17.37,16.93,16.25,16.05,18.92,20.17,13.47,31.62
"2011-10-11 16:00:00",20645,0.045,0.045,0.036,19.2,18.58,17.42,16.96,16.26,16.03,18.99,20.15,13.47,29.38
"2011-10-11 16:15:00",20646,0.045,0.045,0.036,19.25,18.61,17.46,17,16.27,16,19.05,20.12,13.47,27.44
"2011-10-11 16:30:00",20647,0.045,0.045,0.036,19.25,18.66,17.53,17.05,16.26,16.01,19.09,20.08,13.47,25.92
"2011-10-11 16:45:00",20648,0.045,0.045,0.036,19.24,18.68,17.57,17.08,16.27,16.04,19.12,20.03,13.47,24.51
"2011-10-11 17:00:00",20649,0.045,0.045,0.036,19.21,18.69,17.61,17.13,16.3,16.01,19.13,19.98,13.47,23.24
"2011-10-11 17:15:00",20650,0.045,0.045,0.036,19.18,18.7,17.65,17.16,16.3,16.02,19.14,19.91,13.47,22.25
"2011-10-11 17:30:00",20651,0.045,0.045,0.036,19.11,18.67,17.7,17.18,16.31,16.03,19.13,19.84,13.47,21.37
"2011-10-11 17:45:00",20652,0.045,0.045,0.036,19.04,18.65,17.71,17.22,16.32,16.02,19.11,19.77,13.47,20.64
"2011-10-11 18:00:00",20653,0.045,0.045,0.036,18.94,18.62,17.74,17.27,16.33,16.02,19.09,19.69,13.47,19.94
"2011-10-11 18:15:00",20654,0.045,0.045,0.036,18.87,18.58,17.76,17.3,16.35,16.01,19.06,19.61,13.47,19.23
"2011-10-11 18:30:00",20655,0.045,0.045,0.036,18.76,18.52,17.77,17.32,16.37,16.01,19.02,19.53,13.47,18.64
"2011-10-11 18:45:00",20656,0.045,0.045,0.036,18.66,18.45,17.77,17.34,16.37,16.01,18.97,19.44,13.47,18.05
"2011-10-11 19:00:00",20657,0.045,0.045,0.036,18.53,18.39,17.77,17.38,16.38,16,18.92,19.35,13.47,17.36
"2011-10-11 19:15:00",20658,0.045,0.045,0.036,18.34,18.3,17.76,17.39,16.39,16.01,18.84,19.23,13.47,16.76
"2011-10-11 19:30:00",20659,0.045,0.045,0.036,18.22,18.2,17.74,17.4,16.42,16.01,18.76,19.12,13.46,16.14
"2011-10-11 19:45:00",20660,0.045,0.045,0.036,18.07,18.09,17.71,17.4,16.44,16.01,18.68,19.01,13.47,15.65
"2011-10-11 20:00:00",20661,0.045,0.045,0.036,17.88,17.96,17.68,17.43,16.44,16.02,18.58,18.9,13.47,15.14
"2011-10-11 20:15:00",20662,0.045,0.045,0.036,17.71,17.84,17.64,17.45,16.44,16.02,18.47,18.78,13.47,14.75
"2011-10-11 20:30:00",20663,0.045,0.045,0.036,17.56,17.73,17.6,17.46,16.46,16.02,18.36,18.65,13.47,14.37
"2011-10-11 20:45:00",20664,0.045,0.045,0.036,17.39,17.62,17.56,17.46,16.47,16.02,18.24,18.53,13.47,14.01
"2011-10-11 21:00:00",20665,0.045,0.045,0.036,17.23,17.49,17.5,17.45,16.5,16.02,18.13,18.41,13.47,13.66
"2011-10-11 21:15:00",20666,0.045,0.045,0.036,17.02,17.37,17.45,17.44,16.51,16.02,18,18.29,13.47,13.26
"2011-10-11 21:30:00",20667,0.045,0.045,0.036,16.82,17.23,17.39,17.42,16.52,16.03,17.84,18.16,13.47,12.88
"2011-10-11 21:45:00",20668,0.045,0.045,0.036,16.68,17.08,17.33,17.42,16.53,16.02,17.7,18.04,13.47,12.58
"2011-10-11 22:00:00",20669,0.045,0.045,0.036,16.54,16.93,17.27,17.41,16.53,16.02,17.58,17.92,13.47,12.28
"2011-10-11 22:15:00",20670,0.045,0.045,0.036,16.39,16.81,17.2,17.39,16.52,16.01,17.45,17.81,13.46,11.98
"2011-10-11 22:30:00",20671,0.045,0.045,0.036,16.25,16.69,17.08,17.36,16.53,15.99,17.31,17.69,13.47,11.7
"2011-10-11 22:45:00",20672,0.045,0.045,0.037,16.12,16.56,17.02,17.33,16.55,15.99,17.19,17.58,13.47,11.49
"2011-10-11 23:00:00",20673,0.045,0.045,0.036,16.01,16.45,16.94,17.33,16.55,15.99,17.08,17.47,13.47,11.36
"2011-10-11 23:15:00",20674,0.045,0.045,0.036,15.89,16.34,16.87,17.29,16.56,15.99,16.98,17.37,13.47,11.38
"2011-10-11 23:30:00",20675,0.045,0.045,0.036,15.77,16.25,16.8,17.25,16.56,15.99,16.89,17.28,13.47,11.38
"2011-10-11 23:45:00",20676,0.045,0.045,0.036,15.66,16.16,16.73,17.21,16.56,15.99,16.8,17.19,13.47,11.31
"2011-10-12 00:00:00",20677,0.045,0.045,0.036,15.57,16.05,16.66,17.17,16.56,15.99,16.7,17.1,13.47,11.18
"2011-10-12 00:15:00",20678,0.045,0.045,0.036,15.48,15.95,16.61,17.14,16.56,15.99,16.61,17.01,13.47,10.99
"2011-10-12 00:30:00",20679,0.045,0.045,0.036,15.36,15.85,16.55,17.12,16.56,15.99,16.51,16.92,13.47,10.72
"2011-10-12 00:45:00",20680,0.045,0.045,0.036,15.22,15.75,16.48,17.07,16.56,15.99,16.38,16.82,13.47,10.47
"2011-10-12 01:00:00",20681,0.045,0.045,0.036,15.1,15.65,16.42,17.05,16.56,15.99,16.26,16.72,13.47,10.2
"2011-10-12 01:15:00",20682,0.045,0.045,0.036,15.01,15.56,16.35,17.02,16.56,16,16.15,16.62,13.47,10.06
"2011-10-12 01:30:00",20683,0.045,0.045,0.036,14.91,15.49,16.29,16.99,16.54,16.01,16.06,16.54,13.47,9.95
"2011-10-12 01:45:00",20684,0.045,0.045,0.036,14.82,15.4,16.21,16.94,16.54,16,15.96,16.45,13.47,9.86
"2011-10-12 02:00:00",20685,0.045,0.045,0.036,14.73,15.32,16.17,16.91,16.53,16,15.86,16.36,13.47,9.73
"2011-10-12 02:15:00",20686,0.045,0.045,0.036,14.6,15.23,16.09,16.88,16.53,16.01,15.76,16.28,13.46,9.62
"2011-10-12 02:30:00",20687,0.045,0.045,0.036,14.49,15.15,16.03,16.84,16.52,16.01,15.65,16.19,13.46,9.44
"2011-10-12 02:45:00",20688,0.045,0.045,0.036,14.38,15.03,15.98,16.78,16.5,16.01,15.53,16.1,13.46,9.28
"2011-10-12 03:00:00",20689,0.045,0.045,0.036,14.28,14.93,15.89,16.76,16.49,16.01,15.41,16.01,13.46,9.12
"2011-10-12 03:15:00",20690,0.045,0.045,0.036,14.19,14.82,15.8,16.71,16.48,16.02,15.31,15.92,13.46,8.99
"2011-10-12 03:30:00",20691,0.045,0.045,0.036,14.1,14.73,15.73,16.67,16.48,16.03,15.2,15.83,13.46,8.99
"2011-10-12 03:45:00",20692,0.045,0.045,0.036,14.01,14.65,15.68,16.65,16.47,16.04,15.1,15.75,13.46,8.97
"2011-10-12 04:00:00",20693,0.045,0.045,0.036,13.95,14.58,15.61,16.58,16.47,16.04,15.02,15.68,13.46,8.86
"2011-10-12 04:15:00",20694,0.045,0.045,0.036,13.88,14.52,15.54,16.55,16.46,16.02,14.94,15.6,13.46,8.72
"2011-10-12 04:30:00",20695,0.045,0.045,0.036,13.8,14.43,15.49,16.5,16.43,16.03,14.85,15.53,13.46,8.57
"2011-10-12 04:45:00",20696,0.045,0.045,0.036,13.73,14.36,15.42,16.45,16.42,16.03,14.76,15.45,13.46,8.41
"2011-10-12 05:00:00",20697,0.045,0.045,0.036,13.64,14.29,15.36,16.42,16.39,16.04,14.67,15.37,13.46,8.15
"2011-10-12 05:15:00",20698,0.045,0.045,0.036,13.53,14.2,15.31,16.39,16.38,16.05,14.56,15.28,13.46,7.882
"2011-10-12 05:30:00",20699,0.045,0.045,0.036,13.4,14.11,15.24,16.33,16.36,16.05,14.43,15.19,13.46,7.729
"2011-10-12 05:45:00",20700,0.045,0.045,0.036,13.29,14,15.18,16.3,16.34,16.05,14.33,15.1,13.46,7.552
"2011-10-12 06:00:00",20701,0.045,0.045,0.036,13.2,13.91,15.13,16.27,16.32,16.05,14.23,15.02,13.46,7.51
"2011-10-12 06:15:00",20702,0.045,0.045,0.036,13.16,13.83,15.05,16.2,16.31,16.05,14.15,14.95,13.46,7.552
"2011-10-12 06:30:00",20703,0.045,0.045,0.036,13.1,13.77,15,16.17,16.3,16.05,14.09,14.89,13.45,7.706
"2011-10-12 06:45:00",20704,0.045,0.045,0.036,13.11,13.75,14.92,16.13,16.3,16.06,14.06,14.84,13.45,8.04
"2011-10-12 07:00:00",20705,0.045,0.045,0.036,13.18,13.74,14.86,16.1,16.26,16.06,14.06,14.81,13.44,8.57
"2011-10-12 07:15:00",20706,0.045,0.045,0.036,13.33,13.75,14.83,16.05,16.25,16.06,14.09,14.82,13.44,9.26
"2011-10-12 07:30:00",20707,0.045,0.045,0.036,13.52,13.79,14.76,16,16.24,16.05,14.16,14.87,13.44,9.97
"2011-10-12 07:45:00",20708,0.045,0.045,0.036,13.7,13.88,14.75,15.96,16.23,16.04,14.25,14.93,13.45,10.79
"2011-10-12 08:00:00",20709,0.045,0.045,0.036,13.89,13.97,14.74,15.9,16.2,16.04,14.35,15.02,13.45,11.63
"2011-10-12 08:15:00",20710,0.045,0.045,0.036,14.09,14.12,14.74,15.89,16.18,16.04,14.47,15.13,13.45,12.56
"2011-10-12 08:30:00",20711,0.045,0.045,0.036,14.29,14.25,14.75,15.84,16.18,16.03,14.59,15.24,13.45,13.52
"2011-10-12 08:45:00",20712,0.045,0.045,0.036,14.56,14.4,14.78,15.82,16.16,16.04,14.73,15.36,13.46,14.44
"2011-10-12 09:00:00",20713,0.045,0.045,0.036,14.87,14.56,14.82,15.81,16.12,16.05,14.88,15.5,13.46,15.31
"2011-10-12 09:15:00",20714,0.045,0.045,0.036,15.11,14.75,14.84,15.78,16.09,16.06,15.05,15.65,13.46,16.09
"2011-10-12 09:30:00",20715,0.045,0.045,0.036,15.34,14.94,14.88,15.77,16.08,16.06,15.26,15.81,13.46,16.79
"2011-10-12 09:45:00",20716,0.045,0.045,0.036,15.53,15.12,14.96,15.76,16.07,16.06,15.61,15.96,13.46,17.51
"2011-10-12 10:00:00",20717,0.045,0.045,0.036,15.65,15.28,15.04,15.77,16.05,16.05,16.07,16.09,13.47,18.25
"2011-10-12 10:15:00",20718,0.045,0.045,0.036,15.76,15.39,15.1,15.76,16.03,16.05,16.57,16.21,13.46,18.87
"2011-10-12 10:30:00",20719,0.045,0.045,0.036,15.89,15.49,15.18,15.77,16.02,16.05,16.95,16.33,13.46,19.36
"2011-10-12 10:45:00",20720,0.045,0.045,0.036,16,15.59,15.24,15.79,16.01,16.04,17.16,16.45,13.46,19.63
"2011-10-12 11:00:00",20721,0.045,0.045,0.036,16.08,15.68,15.29,15.8,16,16.04,17.29,16.57,13.46,19.84
"2011-10-12 11:15:00",20722,0.045,0.045,0.036,16.19,15.76,15.36,15.8,15.97,16.03,17.38,16.72,13.46,20.18
"2011-10-12 11:30:00",20723,0.045,0.045,0.036,16.34,15.86,15.42,15.82,15.94,16.03,17.41,16.89,13.46,20.66
"2011-10-12 11:45:00",20724,0.045,0.045,0.036,16.44,15.96,15.48,15.85,15.94,16.03,17.42,17.04,13.46,21.15
"2011-10-12 12:00:00",20725,0.045,0.045,0.036,16.54,16.09,15.54,15.89,15.94,16.03,17.44,17.18,13.46,21.75
"2011-10-12 12:15:00",20726,0.045,0.045,0.036,16.67,16.21,15.61,15.92,15.94,16.03,17.45,17.31,13.46,22.64
"2011-10-12 12:30:00",20727,0.045,0.045,0.036,16.79,16.3,15.68,15.93,15.93,16.03,17.48,17.52,13.47,23.47
"2011-10-12 12:45:00",20728,0.045,0.045,0.036,16.94,16.41,15.73,15.96,15.93,16.04,17.52,17.78,13.47,24.57
"2011-10-12 13:00:00",20729,0.045,0.045,0.036,17.15,16.54,15.81,15.97,15.93,16.05,17.57,17.95,13.47,26.53
"2011-10-12 13:15:00",20730,0.045,0.045,0.036,17.38,16.67,15.87,16.01,15.92,16.04,17.62,18.06,13.47,28.53
"2011-10-12 13:30:00",20731,0.045,0.045,0.036,17.6,16.82,15.98,16.04,15.92,16.02,17.67,18.19,13.47,30.12
"2011-10-12 13:45:00",20732,0.045,0.045,0.036,17.74,16.97,16.05,16.07,15.93,16.03,17.72,18.41,13.47,31.37
"2011-10-12 14:00:00",20733,0.045,0.045,0.036,17.92,17.15,16.14,16.12,15.92,16.04,17.77,18.63,13.47,32.48
"2011-10-12 14:15:00",20734,0.045,0.045,0.036,18.1,17.31,16.22,16.16,15.92,16.03,17.83,18.84,13.47,33.25
"2011-10-12 14:30:00",20735,0.045,0.045,0.036,18.22,17.45,16.3,16.17,15.92,16.05,17.9,19.28,13.47,33.89
"2011-10-12 14:45:00",20736,0.045,0.045,0.036,18.31,17.56,16.4,16.23,15.92,16.03,17.97,19.76,13.47,34.34
"2011-10-12 15:00:00",20737,0.045,0.045,0.036,18.44,17.66,16.49,16.28,15.92,16.02,18.06,20.08,13.47,34.15
"2011-10-12 15:15:00",20738,0.045,0.045,0.036,18.5,17.74,16.56,16.31,15.92,16.02,18.15,20.21,13.47,32.62
"2011-10-12 15:30:00",20739,0.045,0.045,0.036,18.55,17.81,16.64,16.36,15.93,16.02,18.23,20.19,13.47,31.3
"2011-10-12 15:45:00",20740,0.045,0.045,0.036,18.59,17.87,16.7,16.4,15.93,16.02,18.3,20.15,13.47,30.4
"2011-10-12 16:00:00",20741,0.045,0.045,0.036,18.61,17.92,16.76,16.46,15.93,15.99,18.37,20.1,13.47,28.23
"2011-10-12 16:15:00",20742,0.045,0.045,0.036,18.57,17.95,16.82,16.49,15.93,15.99,18.42,20.01,13.47,26.25
"2011-10-12 16:30:00",20743,0.045,0.045,0.036,18.52,17.97,16.87,16.54,15.95,16,18.44,19.9,13.47,24.36
"2011-10-12 16:45:00",20744,0.045,0.045,0.036,18.49,17.97,16.94,16.58,15.96,16.01,18.45,19.79,13.47,22.87
"2011-10-12 17:00:00",20745,0.045,0.045,0.036,18.45,17.95,16.98,16.62,15.96,16.02,18.45,19.69,13.47,21.67
"2011-10-12 17:15:00",20746,0.045,0.045,0.036,18.37,17.94,17.01,16.67,15.98,16.02,18.44,19.59,13.47,20.66
"2011-10-12 17:30:00",20747,0.045,0.045,0.036,18.26,17.92,17.05,16.7,16,16.01,18.43,19.48,13.47,19.86
"2011-10-12 17:45:00",20748,0.045,0.045,0.036,18.16,17.88,17.05,16.74,16.02,15.99,18.4,19.37,13.47,19.18
"2011-10-12 18:00:00",20749,0.045,0.045,0.036,18.07,17.81,17.08,16.79,16.03,15.99,18.35,19.25,13.47,18.56
"2011-10-12 18:15:00",20750,0.045,0.045,0.036,17.98,17.77,17.1,16.81,16.03,15.99,18.31,19.14,13.47,17.99
"2011-10-12 18:30:00",20751,0.045,0.045,0.036,17.89,17.72,17.1,16.82,16.05,15.99,18.26,19.03,13.47,17.51
"2011-10-12 18:45:00",20752,0.045,0.045,0.036,17.79,17.67,17.1,16.86,16.08,16,18.21,18.93,13.47,17.26
"2011-10-12 19:00:00",20753,0.045,0.045,0.036,17.72,17.61,17.09,16.88,16.1,16,18.16,18.84,13.47,17.16
"2011-10-12 19:15:00",20754,0.045,0.045,0.036,17.69,17.56,17.06,16.91,16.1,15.97,18.13,18.75,13.47,17.09
"2011-10-12 19:30:00",20755,0.045,0.045,0.036,17.65,17.54,17.05,16.92,16.12,15.99,18.09,18.68,13.47,17.06
"2011-10-12 19:45:00",20756,0.045,0.045,0.036,17.6,17.5,17.04,16.92,16.11,15.97,18.06,18.61,13.47,16.98
"2011-10-12 20:00:00",20757,0.045,0.045,0.036,17.56,17.45,17.02,16.93,16.13,15.98,18.03,18.55,13.47,16.89
"2011-10-12 20:15:00",20758,0.045,0.045,0.036,17.51,17.41,17.01,16.96,16.15,15.97,18,18.49,13.47,16.76
"2011-10-12 20:30:00",20759,0.045,0.045,0.036,17.44,17.4,17.01,16.97,16.16,15.98,17.97,18.43,13.47,16.66
"2011-10-12 20:45:00",20760,0.045,0.045,0.036,17.39,17.33,17.01,16.97,16.19,15.97,17.94,18.37,13.47,16.61
"2011-10-12 21:00:00",20761,0.045,0.045,0.036,17.33,17.31,16.99,16.98,16.2,15.97,17.9,18.31,13.47,16.56
"2011-10-12 21:15:00",20762,0.045,0.045,0.036,17.3,17.28,16.97,16.97,16.21,15.97,17.87,18.25,13.47,16.54
"2011-10-12 21:30:00",20763,0.045,0.045,0.036,17.26,17.23,16.96,16.98,16.22,15.97,17.83,18.2,13.47,16.51
"2011-10-12 21:45:00",20764,0.045,0.045,0.036,17.23,17.21,16.93,16.99,16.24,15.97,17.81,18.16,13.47,16.51
"2011-10-12 22:00:00",20765,0.045,0.045,0.036,17.21,17.18,16.91,16.98,16.24,15.96,17.78,18.11,13.47,16.49
"2011-10-12 22:15:00",20766,0.045,0.045,0.036,17.19,17.16,16.88,16.98,16.24,15.96,17.76,18.07,13.47,16.46
"2011-10-12 22:30:00",20767,0.045,0.045,0.036,17.14,17.12,16.87,16.98,16.24,15.97,17.74,18.04,13.47,16.46
"2011-10-12 22:45:00",20768,0.045,0.045,0.036,17.11,17.1,16.87,16.97,16.25,15.97,17.71,18,13.47,16.41
"2011-10-12 23:00:00",20769,0.045,0.045,0.036,17.08,17.07,16.86,16.98,16.25,15.96,17.69,17.97,13.47,16.36
"2011-10-12 23:15:00",20770,0.045,0.045,0.036,17.06,17.05,16.85,16.98,16.25,15.96,17.68,17.94,13.47,16.32
"2011-10-12 23:30:00",20771,0.045,0.045,0.036,17.02,17.02,16.83,16.98,16.27,15.96,17.66,17.92,13.47,16.24
"2011-10-12 23:45:00",20772,0.045,0.045,0.036,17.02,17,16.83,16.97,16.28,15.96,17.65,17.89,13.47,16.24
"2011-10-13 00:00:00",20773,0.045,0.045,0.036,17.02,16.97,16.81,16.97,16.29,15.96,17.63,17.87,13.47,16.24
"2011-10-13 00:15:00",20774,0.045,0.045,0.036,17.02,16.96,16.79,16.97,16.3,15.96,17.62,17.85,13.47,16.19
"2011-10-13 00:30:00",20775,0.045,0.045,0.036,17.01,16.94,16.78,16.97,16.3,15.96,17.6,17.83,13.47,16.14
"2011-10-13 00:45:00",20776,0.045,0.045,0.036,16.98,16.92,16.78,16.97,16.31,15.96,17.59,17.8,13.47,16.04
"2011-10-13 01:00:00",20777,0.045,0.045,0.036,16.95,16.92,16.76,16.97,16.32,15.96,17.57,17.78,13.47,15.97
"2011-10-13 01:15:00",20778,0.045,0.045,0.036,16.92,16.91,16.74,16.96,16.33,15.96,17.56,17.75,13.47,15.87
"2011-10-13 01:30:00",20779,0.045,0.045,0.036,16.89,16.89,16.73,16.96,16.33,15.96,17.53,17.72,13.47,15.77
"2011-10-13 01:45:00",20780,0.045,0.045,0.036,16.83,16.86,16.74,16.94,16.33,15.96,17.51,17.69,13.47,15.7
"2011-10-13 02:00:00",20781,0.045,0.045,0.036,16.8,16.82,16.73,16.94,16.34,15.96,17.48,17.66,13.47,15.65
"2011-10-13 02:15:00",20782,0.045,0.045,0.036,16.79,16.8,16.73,16.93,16.34,15.96,17.46,17.63,13.47,15.53
"2011-10-13 02:30:00",20783,0.045,0.045,0.036,16.75,16.78,16.72,16.93,16.34,15.96,17.44,17.59,13.47,15.46
"2011-10-13 02:45:00",20784,0.045,0.045,0.036,16.73,16.77,16.7,16.92,16.34,15.96,17.42,17.57,13.47,15.39
"2011-10-13 03:00:00",20785,0.045,0.045,0.036,16.69,16.73,16.68,16.92,16.34,15.96,17.4,17.54,13.47,15.39
"2011-10-13 03:15:00",20786,0.045,0.045,0.036,16.68,16.71,16.67,16.92,16.34,15.96,17.38,17.52,13.47,15.41
"2011-10-13 03:30:00",20787,0.045,0.045,0.036,16.66,16.69,16.64,16.91,16.33,15.97,17.36,17.5,13.47,15.39
"2011-10-13 03:45:00",20788,0.045,0.045,0.036,16.66,16.68,16.64,16.89,16.34,15.97,17.34,17.48,13.47,15.36
"2011-10-13 04:00:00",20789,0.045,0.045,0.036,16.66,16.66,16.64,16.89,16.34,15.97,17.33,17.46,13.47,15.34
"2011-10-13 04:15:00",20790,0.045,0.045,0.036,16.64,16.65,16.63,16.88,16.34,15.97,17.31,17.44,13.47,15.31
"2011-10-13 04:30:00",20791,0.045,0.045,0.036,16.64,16.65,16.63,16.88,16.34,15.97,17.3,17.43,13.47,15.19
"2011-10-13 04:45:00",20792,0.045,0.045,0.036,16.61,16.64,16.63,16.87,16.35,15.97,17.29,17.41,13.47,14.95
"2011-10-13 05:00:00",20793,0.045,0.045,0.036,16.55,16.62,16.61,16.86,16.34,15.97,17.26,17.38,13.47,14.75
"2011-10-13 05:15:00",20794,0.045,0.045,0.036,16.48,16.55,16.6,16.85,16.34,15.98,17.22,17.33,13.47,14.61
"2011-10-13 05:30:00",20795,0.045,0.045,0.036,16.43,16.55,16.59,16.85,16.34,15.98,17.19,17.29,13.47,14.42
"2011-10-13 05:45:00",20796,0.045,0.045,0.036,16.37,16.48,16.56,16.84,16.33,15.98,17.14,17.25,13.47,14.37
"2011-10-13 06:00:00",20797,0.045,0.045,0.036,16.33,16.45,16.54,16.84,16.34,15.98,17.1,17.21,13.47,14.49
"2011-10-13 06:15:00",20798,0.045,0.045,0.036,16.34,16.44,16.5,16.84,16.34,15.98,17.07,17.19,13.47,14.71
"2011-10-13 06:30:00",20799,0.045,0.045,0.036,16.37,16.42,16.49,16.84,16.34,15.98,17.06,17.18,13.47,14.95
"2011-10-13 06:45:00",20800,0.045,0.045,0.036,16.41,16.42,16.5,16.84,16.34,15.98,17.06,17.18,13.47,15.26
"2011-10-13 07:00:00",20801,0.045,0.045,0.036,16.46,16.45,16.48,16.83,16.34,15.98,17.08,17.2,13.47,15.65
"2011-10-13 07:15:00",20802,0.045,0.045,0.036,16.54,16.45,16.45,16.81,16.34,15.97,17.11,17.23,13.47,16.04
"2011-10-13 07:30:00",20803,0.045,0.045,0.036,16.6,16.51,16.45,16.79,16.35,15.98,17.15,17.28,13.47,16.46
"2011-10-13 07:45:00",20804,0.045,0.045,0.036,16.69,16.55,16.45,16.78,16.35,15.97,17.19,17.32,13.47,16.89
"2011-10-13 08:00:00",20805,0.045,0.045,0.036,16.78,16.6,16.46,16.79,16.34,15.97,17.23,17.37,13.47,17.34
"2011-10-13 08:15:00",20806,0.045,0.045,0.036,16.85,16.68,16.48,16.78,16.35,15.98,17.28,17.42,13.47,17.69
"2011-10-13 08:30:00",20807,0.045,0.045,0.036,16.94,16.72,16.49,16.78,16.34,15.97,17.33,17.48,13.47,18.07
"2011-10-13 08:45:00",20808,0.045,0.045,0.036,17.02,16.78,16.52,16.78,16.34,15.99,17.38,17.54,13.47,18.43
"2011-10-13 09:00:00",20809,0.045,0.045,0.036,17.09,16.82,16.53,16.78,16.34,15.97,17.43,17.6,13.47,18.82
"2011-10-13 09:15:00",20810,0.045,0.045,0.036,17.19,16.88,16.54,16.78,16.33,15.99,17.48,17.65,13.47,19.26
"2011-10-13 09:30:00",20811,0.045,0.045,0.036,17.24,16.94,16.57,16.79,16.33,15.99,17.54,17.71,13.47,19.7
"2011-10-13 09:45:00",20812,0.045,0.045,0.036,17.33,16.99,16.59,16.8,16.33,16,17.6,17.78,13.47,20.34
"2011-10-13 10:00:00",20813,0.045,0.045,0.036,17.45,17.07,16.62,16.8,16.32,16,17.7,17.86,13.47,20.99
"2011-10-13 10:15:00",20814,0.045,0.045,0.036,17.52,17.18,16.65,16.8,16.32,16.01,17.84,17.96,13.47,21.56
"2011-10-13 10:30:00",20815,0.045,0.045,0.036,17.64,17.24,16.68,16.81,16.32,16.02,17.97,18.04,13.47,21.95
"2011-10-13 10:45:00",20816,0.045,0.045,0.036,17.74,17.31,16.71,16.82,16.32,16.02,18.1,18.13,13.47,22.17
"2011-10-13 11:00:00",20817,0.045,0.045,0.036,17.84,17.38,16.72,16.84,16.32,16.02,18.24,18.23,13.47,22.75
"2011-10-13 11:15:00",20818,0.045,0.045,0.036,17.97,17.48,16.78,16.85,16.32,16.01,18.39,18.35,13.47,23.29
"2011-10-13 11:30:00",20819,0.045,0.045,0.036,18.08,17.56,16.84,16.87,16.32,16.02,18.5,18.46,13.47,23.61
"2011-10-13 11:45:00",20820,0.045,0.045,0.036,18.15,17.64,16.87,16.89,16.31,16.02,18.56,18.56,13.48,23.84
"2011-10-13 12:00:00",20821,0.045,0.045,0.036,18.21,17.7,16.91,16.88,16.31,16.01,18.6,18.64,13.47,24.28
"2011-10-13 12:15:00",20822,0.045,0.045,0.036,18.31,17.76,16.97,16.9,16.32,16.01,18.65,18.74,13.47,24.33
"2011-10-13 12:30:00",20823,0.045,0.045,0.036,18.34,17.83,16.99,16.93,16.31,16.01,18.7,18.8,13.47,23.84
"2011-10-13 12:45:00",20824,0.045,0.045,0.036,18.39,17.85,17.05,16.95,16.31,16.01,18.72,18.84,13.48,24.01
"2011-10-13 13:00:00",20825,0.045,0.045,0.036,18.51,17.92,17.08,16.98,16.32,16.01,18.76,18.91,13.48,24.54
"2011-10-13 13:15:00",20826,0.045,0.045,0.036,18.62,18,17.15,16.98,16.33,16.01,18.82,19,13.47,25.13
"2011-10-13 13:30:00",20827,0.045,0.045,0.036,18.72,18.11,17.22,17.01,16.34,16.01,18.87,19.1,13.47,25.52
"2011-10-13 13:45:00",20828,0.045,0.045,0.036,18.8,18.19,17.27,17.02,16.35,16.01,18.92,19.19,13.47,25.73
"2011-10-13 14:00:00",20829,0.045,0.045,0.036,18.85,18.25,17.3,17.05,16.35,16.01,18.97,19.27,13.47,24.92
"2011-10-13 14:15:00",20830,0.045,0.045,0.036,18.84,18.31,17.35,17.08,16.34,16.01,19,19.29,13.47,24.84
"2011-10-13 14:30:00",20831,0.045,0.045,0.036,18.97,18.34,17.39,17.12,16.35,16.01,19.03,19.44,13.47,27.25
"2011-10-13 14:45:00",20832,0.045,0.045,0.036,19.13,18.45,17.45,17.16,16.38,16.01,19.08,19.83,13.47,28.92
"2011-10-13 15:00:00",20833,0.045,0.045,0.036,19.23,18.53,17.5,17.16,16.38,16,19.15,20.11,13.47,28.85
"2011-10-13 15:15:00",20834,0.045,0.045,0.036,19.25,18.59,17.54,17.19,16.38,16,19.2,20.18,13.47,27.59
"2011-10-13 15:30:00",20835,0.045,0.045,0.036,19.25,18.62,17.58,17.22,16.38,16,19.23,20.13,13.47,26.37
"2011-10-13 15:45:00",20836,0.045,0.046,0.036,19.25,18.67,17.63,17.26,16.39,16,19.26,20.07,13.47,25.16
"2011-10-13 16:00:00",20837,0.045,0.046,0.036,19.26,18.68,17.66,17.28,16.4,16,19.29,20.02,13.47,24.51
"2011-10-13 16:15:00",20838,0.045,0.046,0.036,19.35,18.73,17.73,17.31,16.43,16.01,19.31,19.99,13.47,23.84
"2011-10-13 16:30:00",20839,0.045,0.046,0.036,19.36,18.76,17.75,17.35,16.43,16.02,19.34,19.98,13.47,23.18
"2011-10-13 16:45:00",20840,0.045,0.046,0.036,19.34,18.76,17.79,17.37,16.43,16.02,19.34,19.93,13.47,22.5
"2011-10-13 17:00:00",20841,0.045,0.046,0.036,19.29,18.77,17.83,17.39,16.44,16.03,19.34,19.89,13.47,21.81
"2011-10-13 17:15:00",20842,0.045,0.046,0.036,19.22,18.76,17.85,17.44,16.46,16.03,19.34,19.84,13.47,21.26
"2011-10-13 17:30:00",20843,0.044,0.046,0.036,19.16,18.75,17.88,17.47,16.47,16.02,19.31,19.78,13.47,20.74
"2011-10-13 17:45:00",20844,0.044,0.046,0.036,19.1,18.72,17.9,17.47,16.5,16.02,19.3,19.72,13.47,20.24
"2011-10-13 18:00:00",20845,0.044,0.046,0.036,19.03,18.71,17.91,17.5,16.51,16,19.27,19.66,13.47,19.78
"2011-10-13 18:15:00",20846,0.044,0.046,0.036,18.97,18.66,17.9,17.52,16.51,16,19.24,19.61,13.47,19.42
"2011-10-13 18:30:00",20847,0.044,0.046,0.036,18.91,18.62,17.91,17.53,16.51,16,19.2,19.54,13.47,19.15
"2011-10-13 18:45:00",20848,0.044,0.046,0.036,18.86,18.6,17.91,17.55,16.52,16,19.17,19.48,13.47,18.92
"2011-10-13 19:00:00",20849,0.044,0.046,0.036,18.78,18.56,17.9,17.57,16.53,16.01,19.13,19.42,13.47,18.64
"2011-10-13 19:15:00",20850,0.044,0.046,0.036,18.73,18.52,17.9,17.59,16.55,16,19.1,19.36,13.47,18.43
"2011-10-13 19:30:00",20851,0.044,0.046,0.036,18.66,18.46,17.89,17.61,16.57,16,19.06,19.3,13.47,18.25
"2011-10-13 19:45:00",20852,0.044,0.046,0.036,18.63,18.44,17.88,17.62,16.58,16.01,19.02,19.25,13.47,18.07
"2011-10-13 20:00:00",20853,0.044,0.046,0.036,18.57,18.38,17.87,17.62,16.6,16,18.99,19.2,13.47,17.95
"2011-10-13 20:15:00",20854,0.044,0.046,0.036,18.53,18.35,17.88,17.63,16.61,16,18.95,19.15,13.47,17.82
"2011-10-13 20:30:00",20855,0.044,0.046,0.036,18.5,18.33,17.88,17.63,16.62,16.01,18.92,19.1,13.47,17.77
"2011-10-13 20:45:00",20856,0.044,0.046,0.036,18.46,18.28,17.86,17.64,16.63,16.01,18.88,19.06,13.47,17.69
"2011-10-13 21:00:00",20857,0.044,0.046,0.036,18.39,18.25,17.82,17.64,16.63,16.01,18.86,19.02,13.47,17.62
"2011-10-13 21:15:00",20858,0.044,0.046,0.036,18.34,18.21,17.79,17.64,16.64,16.01,18.83,18.98,13.47,17.46
"2011-10-13 21:30:00",20859,0.044,0.046,0.036,18.26,18.18,17.78,17.64,16.66,16.02,18.8,18.93,13.48,17.26
"2011-10-13 21:45:00",20860,0.044,0.046,0.036,18.17,18.13,17.78,17.64,16.67,16.03,18.75,18.87,13.47,17.06
"2011-10-13 22:00:00",20861,0.044,0.046,0.036,18.07,18.07,17.77,17.64,16.68,16.03,18.69,18.8,13.47,16.84
"2011-10-13 22:15:00",20862,0.044,0.046,0.036,17.99,17.98,17.76,17.64,16.68,16.03,18.63,18.74,13.47,16.61
"2011-10-13 22:30:00",20863,0.044,0.046,0.036,17.89,17.91,17.74,17.65,16.7,16.04,18.58,18.67,13.47,16.39
"2011-10-13 22:45:00",20864,0.044,0.046,0.036,17.81,17.86,17.7,17.64,16.71,16.04,18.51,18.6,13.47,16.19
"2011-10-13 23:00:00",20865,0.044,0.046,0.036,17.75,17.79,17.66,17.64,16.7,16.05,18.46,18.54,13.47,16.09
"2011-10-13 23:15:00",20866,0.044,0.046,0.036,17.67,17.75,17.62,17.64,16.7,16.05,18.41,18.48,13.47,15.97
"2011-10-13 23:30:00",20867,0.044,0.046,0.036,17.61,17.68,17.6,17.62,16.72,16.05,18.35,18.42,13.47,15.87
"2011-10-13 23:45:00",20868,0.044,0.046,0.036,17.54,17.63,17.57,17.6,16.72,16.05,18.3,18.36,13.47,15.85
"2011-10-14 00:00:00",20869,0.044,0.046,0.036,17.49,17.57,17.53,17.6,16.73,16.06,18.25,18.3,13.47,15.8
"2011-10-14 00:15:00",20870,0.044,0.046,0.036,17.43,17.52,17.5,17.6,16.73,16.05,18.2,18.26,13.47,15.75
"2011-10-14 00:30:00",20871,0.044,0.046,0.036,17.39,17.49,17.49,17.6,16.73,16.05,18.16,18.2,13.47,15.65
"2011-10-14 00:45:00",20872,0.044,0.046,0.036,17.33,17.43,17.45,17.59,16.73,16.06,18.12,18.15,13.47,15.6
"2011-10-14 01:00:00",20873,0.044,0.046,0.036,17.31,17.4,17.41,17.57,16.75,16.06,18.07,18.11,13.47,15.65
"2011-10-14 01:15:00",20874,0.044,0.046,0.036,17.27,17.36,17.39,17.55,16.74,16.06,18.03,18.07,13.47,15.73
"2011-10-14 01:30:00",20875,0.044,0.046,0.036,17.24,17.32,17.36,17.53,16.75,16.06,18,18.03,13.47,15.77
"2011-10-14 01:45:00",20876,0.044,0.046,0.036,17.21,17.3,17.33,17.51,16.75,16.06,17.97,18,13.47,15.8
"2011-10-14 02:00:00",20877,0.044,0.046,0.036,17.21,17.28,17.3,17.5,16.75,16.06,17.94,17.97,13.47,15.8
"2011-10-14 02:15:00",20878,0.044,0.046,0.036,17.17,17.26,17.27,17.5,16.76,16.06,17.92,17.93,13.47,15.8
"2011-10-14 02:30:00",20879,0.044,0.046,0.036,17.16,17.21,17.26,17.5,16.76,16.06,17.89,17.91,13.47,15.85
"2011-10-14 02:45:00",20880,0.044,0.046,0.036,17.13,17.21,17.24,17.47,16.76,16.06,17.87,17.89,13.47,15.85
"2011-10-14 03:00:00",20881,0.044,0.046,0.036,17.13,17.21,17.21,17.46,16.76,16.06,17.86,17.87,13.47,15.87
"2011-10-14 03:15:00",20882,0.044,0.046,0.036,17.12,17.21,17.18,17.44,16.75,16.06,17.84,17.86,13.47,15.9
"2011-10-14 03:30:00",20883,0.044,0.046,0.036,17.07,17.19,17.14,17.42,16.75,16.06,17.82,17.83,13.47,15.95
"2011-10-14 03:45:00",20884,0.044,0.046,0.036,17.05,17.17,17.12,17.4,16.75,16.06,17.8,17.81,13.47,15.95
"2011-10-14 04:00:00",20885,0.044,0.046,0.037,17.03,17.14,17.11,17.4,16.75,16.06,17.78,17.8,13.47,15.97
"2011-10-14 04:15:00",20886,0.044,0.046,0.037,17.02,17.11,17.09,17.39,16.75,16.06,17.76,17.77,13.47,15.97
"2011-10-14 04:30:00",20887,0.044,0.046,0.037,17.02,17.1,17.07,17.38,16.74,16.06,17.75,17.76,13.47,16
"2011-10-14 04:45:00",20888,0.044,0.046,0.037,17.02,17.09,17.05,17.37,16.74,16.06,17.73,17.75,13.47,16
"2011-10-14 05:00:00",20889,0.044,0.046,0.037,17.02,17.08,17.03,17.36,16.73,16.06,17.72,17.74,13.47,15.97
"2011-10-14 05:15:00",20890,0.044,0.046,0.037,17.02,17.07,17.02,17.35,16.73,16.06,17.7,17.72,13.47,15.95
"2011-10-14 05:30:00",20891,0.044,0.046,0.037,17.02,17.06,17.01,17.32,16.73,16.06,17.69,17.71,13.47,15.95
"2011-10-14 05:45:00",20892,0.044,0.046,0.037,17.02,17.04,17,17.31,16.73,16.06,17.68,17.7,13.47,16
"2011-10-14 06:00:00",20893,0.044,0.046,0.037,17.02,17.04,17,17.3,16.73,16.06,17.68,17.69,13.47,16.02
"2011-10-14 06:15:00",20894,0.044,0.046,0.037,17.02,17.03,16.99,17.29,16.72,16.06,17.67,17.69,13.47,16.04
"2011-10-14 06:30:00",20895,0.044,0.046,0.037,17.02,17.03,16.98,17.27,16.72,16.06,17.67,17.69,13.47,16.07
"2011-10-14 06:45:00",20896,0.044,0.046,0.037,17.02,17.02,16.97,17.28,16.71,16.07,17.67,17.69,13.47,16.24
"2011-10-14 07:00:00",20897,0.044,0.046,0.037,17.07,17.05,16.97,17.28,16.71,16.08,17.67,17.69,13.47,16.44
"2011-10-14 07:15:00",20898,0.044,0.046,0.037,17.14,17.07,16.97,17.27,16.71,16.08,17.68,17.71,13.47,16.54
"2011-10-14 07:30:00",20899,0.044,0.046,0.037,17.2,17.1,16.96,17.27,16.7,16.09,17.69,17.73,13.47,16.56
"2011-10-14 07:45:00",20900,0.044,0.046,0.037,17.21,17.12,16.96,17.26,16.71,16.09,17.7,17.75,13.47,16.41
"2011-10-14 08:00:00",20901,0.044,0.046,0.037,17.22,17.15,16.96,17.26,16.71,16.1,17.72,17.77,13.47,16.32
"2011-10-14 08:15:00",20902,0.044,0.046,0.037,17.21,17.16,16.96,17.25,16.71,16.11,17.72,17.77,13.47,16.19
"2011-10-14 08:30:00",20903,0.044,0.046,0.037,17.2,17.15,16.97,17.24,16.7,16.1,17.72,17.76,13.47,16.09
"2011-10-14 08:45:00",20904,0.044,0.046,0.037,17.18,17.13,16.97,17.24,16.69,16.11,17.71,17.75,13.47,16.04
"2011-10-14 09:00:00",20905,0.044,0.046,0.037,17.14,17.12,16.96,17.22,16.69,16.1,17.7,17.75,13.47,16.02
"2011-10-14 09:15:00",20906,0.044,0.046,0.037,17.14,17.11,16.97,17.22,16.68,16.1,17.69,17.74,13.47,16.09
"2011-10-14 09:30:00",20907,0.044,0.046,0.037,17.17,17.11,16.96,17.22,16.68,16.11,17.69,17.74,13.47,16.24
"2011-10-14 09:45:00",20908,0.044,0.046,0.037,17.21,17.12,16.95,17.22,16.68,16.11,17.7,17.75,13.47,16.44
"2011-10-14 10:00:00",20909,0.044,0.046,0.037,17.22,17.14,16.93,17.21,16.68,16.11,17.71,17.76,13.47,16.64
"2011-10-14 10:15:00",20910,0.044,0.046,0.037,17.26,17.16,16.94,17.21,16.68,16.1,17.73,17.78,13.47,16.84
"2011-10-14 10:30:00",20911,0.044,0.046,0.037,17.3,17.17,16.95,17.21,16.68,16.11,17.74,17.8,13.47,17.06
"2011-10-14 10:45:00",20912,0.044,0.046,0.037,17.34,17.21,16.95,17.2,16.68,16.11,17.76,17.83,13.47,17.29
"2011-10-14 11:00:00",20913,0.044,0.046,0.037,17.39,17.22,16.96,17.21,16.68,16.11,17.79,17.86,13.47,17.41
"2011-10-14 11:15:00",20914,0.044,0.046,0.037,17.42,17.24,16.96,17.19,16.68,16.11,17.81,17.89,13.47,17.46
"2011-10-14 11:30:00",20915,0.044,0.046,0.037,17.44,17.27,16.97,17.19,16.67,16.11,17.83,17.91,13.47,17.54
"2011-10-14 11:45:00",20916,0.044,0.046,0.037,17.48,17.3,16.97,17.19,16.67,16.12,17.85,17.93,13.47,17.79
"2011-10-14 12:00:00",20917,0.044,0.046,0.037,17.57,17.32,17,17.19,16.66,16.11,17.89,17.97,13.47,18.25
"2011-10-14 12:15:00",20918,0.044,0.046,0.037,17.59,17.37,17.01,17.2,16.66,16.11,17.92,18.02,13.47,18.46
"2011-10-14 12:30:00",20919,0.044,0.046,0.037,17.63,17.4,17.01,17.2,16.66,16.13,17.96,18.05,13.47,18.61
"2011-10-14 12:45:00",20920,0.044,0.046,0.037,17.68,17.44,17.01,17.2,16.64,16.12,17.98,18.07,13.47,18.64
"2011-10-14 13:00:00",20921,0.044,0.046,0.037,17.7,17.46,17.02,17.2,16.64,16.13,18,18.1,13.47,18.66
"2011-10-14 13:15:00",20922,0.044,0.046,0.037,17.73,17.48,17.05,17.2,16.64,16.12,18.03,18.13,13.47,18.58
"2011-10-14 13:30:00",20923,0.044,0.046,0.037,17.77,17.52,17.07,17.2,16.65,16.14,18.05,18.16,13.47,18.51
"2011-10-14 13:45:00",20924,0.044,0.046,0.037,17.81,17.54,17.09,17.21,16.64,16.14,18.07,18.18,13.47,18.58
"2011-10-14 14:00:00",20925,0.044,0.046,0.037,17.83,17.58,17.11,17.22,16.63,16.13,18.1,18.21,13.47,18.61
"2011-10-14 14:15:00",20926,0.044,0.046,0.037,17.88,17.6,17.15,17.23,16.64,16.14,18.13,18.24,13.47,18.61
"2011-10-14 14:30:00",20927,0.044,0.046,0.037,17.93,17.63,17.19,17.24,16.63,16.14,18.16,18.27,13.47,18.77
"2011-10-14 14:45:00",20928,0.044,0.046,0.037,17.96,17.67,17.2,17.25,16.63,16.14,18.18,18.31,13.47,18.79
"2011-10-14 15:00:00",20929,0.044,0.046,0.037,17.98,17.68,17.22,17.26,16.63,16.14,18.21,18.34,13.47,18.87
"2011-10-14 15:15:00",20930,0.044,0.046,0.037,18.04,17.71,17.25,17.28,16.63,16.15,18.24,18.36,13.47,19.02
"2011-10-14 15:30:00",20931,0.044,0.046,0.037,18.07,17.75,17.28,17.29,16.63,16.15,18.27,18.4,13.47,19.18
"2011-10-14 15:45:00",20932,0.044,0.046,0.037,18.12,17.78,17.29,17.29,16.64,16.15,18.3,18.43,13.47,19.26
"2011-10-14 16:00:00",20933,0.044,0.046,0.037,18.16,17.8,17.3,17.3,16.64,16.14,18.33,18.46,13.47,19.18
"2011-10-14 16:15:00",20934,0.044,0.046,0.037,18.16,17.82,17.32,17.31,16.64,16.15,18.35,18.48,13.47,19.1
"2011-10-14 16:30:00",20935,0.044,0.046,0.037,18.16,17.87,17.34,17.32,16.65,16.16,18.37,18.5,13.47,19
"2011-10-14 16:45:00",20936,0.044,0.046,0.037,18.16,17.88,17.36,17.32,16.65,16.16,18.38,18.52,13.47,18.97
"2011-10-14 17:00:00",20937,0.044,0.046,0.037,18.17,17.9,17.38,17.33,16.66,16.15,18.4,18.52,13.47,18.89
"2011-10-14 17:15:00",20938,0.044,0.046,0.037,18.17,17.9,17.4,17.34,16.66,16.16,18.4,18.52,13.47,18.79
"2011-10-14 17:30:00",20939,0.044,0.046,0.037,18.16,17.91,17.41,17.35,16.67,16.16,18.41,18.53,13.47,18.66
"2011-10-14 17:45:00",20940,0.044,0.046,0.037,18.17,17.91,17.41,17.37,16.66,16.17,18.41,18.53,13.47,18.58
"2011-10-14 18:00:00",20941,0.044,0.046,0.037,18.17,17.91,17.41,17.39,16.67,16.16,18.42,18.54,13.47,18.51
"2011-10-14 18:15:00",20942,0.044,0.046,0.037,18.18,17.91,17.43,17.39,16.67,16.17,18.43,18.54,13.47,18.46
"2011-10-14 18:30:00",20943,0.044,0.046,0.037,18.17,17.92,17.44,17.4,16.67,16.17,18.43,18.54,13.47,18.4
"2011-10-14 18:45:00",20944,0.044,0.046,0.037,18.16,17.92,17.46,17.4,16.68,16.18,18.43,18.54,13.47,18.35
"2011-10-14 19:00:00",20945,0.044,0.046,0.037,18.16,17.92,17.48,17.4,16.69,16.17,18.43,18.53,13.47,18.33
"2011-10-14 19:15:00",20946,0.044,0.046,0.037,18.16,17.91,17.48,17.41,16.7,16.19,18.43,18.53,13.47,18.28
"2011-10-14 19:30:00",20947,0.044,0.046,0.037,18.16,17.92,17.49,17.42,16.7,16.18,18.43,18.53,13.47,18.15
"2011-10-14 19:45:00",20948,0.044,0.046,0.037,18.16,17.92,17.49,17.43,16.71,16.18,18.42,18.52,13.47,18.1
"2011-10-14 20:00:00",20949,0.044,0.046,0.037,18.16,17.9,17.49,17.44,16.72,16.18,18.42,18.52,13.47,18.07
"2011-10-14 20:15:00",20950,0.044,0.046,0.037,18.16,17.9,17.51,17.44,16.72,16.18,18.41,18.52,13.47,18.02
"2011-10-14 20:30:00",20951,0.044,0.046,0.037,18.14,17.9,17.51,17.45,16.72,16.18,18.41,18.51,13.47,17.84
"2011-10-14 20:45:00",20952,0.044,0.046,0.037,18.11,17.88,17.51,17.46,16.72,16.19,18.4,18.51,13.47,17.62
"2011-10-14 21:00:00",20953,0.044,0.046,0.037,18.07,17.88,17.51,17.47,16.72,16.18,18.4,18.48,13.47,17.36
"2011-10-14 21:15:00",20954,0.044,0.046,0.037,18.04,17.88,17.51,17.49,16.72,16.17,18.39,18.46,13.47,17.19
"2011-10-14 21:30:00",20955,0.044,0.046,0.037,18.03,17.88,17.5,17.49,16.72,16.18,18.37,18.45,13.47,17.06
"2011-10-14 21:45:00",20956,0.044,0.046,0.037,18.01,17.86,17.5,17.5,16.73,16.18,18.36,18.42,13.47,17.01
"2011-10-14 22:00:00",20957,0.044,0.046,0.037,17.98,17.83,17.5,17.5,16.73,16.18,18.34,18.4,13.47,16.98
"2011-10-14 22:15:00",20958,0.044,0.046,0.037,17.95,17.81,17.5,17.5,16.73,16.17,18.33,18.39,13.47,16.96
"2011-10-14 22:30:00",20959,0.044,0.046,0.037,17.93,17.79,17.5,17.5,16.73,16.18,18.32,18.38,13.47,16.98
"2011-10-14 22:45:00",20960,0.044,0.046,0.037,17.92,17.79,17.5,17.5,16.73,16.18,18.31,18.36,13.47,16.96
"2011-10-14 23:00:00",20961,0.044,0.046,0.037,17.91,17.78,17.5,17.5,16.73,16.18,18.29,18.35,13.47,16.96
"2011-10-14 23:15:00",20962,0.044,0.046,0.037,17.9,17.78,17.5,17.5,16.73,16.18,18.28,18.34,13.47,16.94
"2011-10-14 23:30:00",20963,0.044,0.046,0.037,17.89,17.77,17.49,17.5,16.75,16.18,18.28,18.33,13.47,16.94
"2011-10-14 23:45:00",20964,0.044,0.046,0.037,17.89,17.75,17.46,17.5,16.75,16.19,18.27,18.32,13.47,16.94
"2011-10-15 00:00:00",20965,0.044,0.046,0.037,17.88,17.74,17.47,17.5,16.76,16.18,18.26,18.3,13.47,16.94
"2011-10-15 00:15:00",20966,0.044,0.046,0.037,17.87,17.74,17.46,17.5,16.77,16.19,18.25,18.3,13.47,16.96
"2011-10-15 00:30:00",20967,0.044,0.046,0.037,17.85,17.73,17.45,17.5,16.77,16.2,18.24,18.29,13.47,16.98
"2011-10-15 00:45:00",20968,0.044,0.046,0.037,17.84,17.71,17.45,17.5,16.77,16.19,18.23,18.28,13.47,17.01
"2011-10-15 01:00:00",20969,0.044,0.046,0.037,17.83,17.7,17.45,17.5,16.78,16.19,18.23,18.27,13.47,17.04
"2011-10-15 01:15:00",20970,0.044,0.046,0.037,17.83,17.7,17.44,17.5,16.78,16.2,18.22,18.27,13.47,17.06
"2011-10-15 01:30:00",20971,0.044,0.046,0.037,17.81,17.69,17.44,17.5,16.78,16.2,18.21,18.26,13.47,17.06
"2011-10-15 01:45:00",20972,0.044,0.046,0.037,17.8,17.69,17.41,17.5,16.78,16.2,18.21,18.25,13.47,17.06
"2011-10-15 02:00:00",20973,0.044,0.046,0.037,17.79,17.69,17.42,17.5,16.78,16.2,18.2,18.24,13.47,17.04
"2011-10-15 02:15:00",20974,0.044,0.046,0.037,17.79,17.68,17.41,17.5,16.78,16.2,18.19,18.24,13.47,17.04
"2011-10-15 02:30:00",20975,0.044,0.046,0.037,17.79,17.67,17.41,17.5,16.79,16.2,18.18,18.23,13.47,17.04
"2011-10-15 02:45:00",20976,0.044,0.046,0.037,17.79,17.67,17.4,17.5,16.79,16.2,18.18,18.22,13.47,17.01
"2011-10-15 03:00:00",20977,0.044,0.046,0.037,17.79,17.65,17.4,17.5,16.78,16.2,18.17,18.21,13.47,17.04
"2011-10-15 03:15:00",20978,0.044,0.046,0.037,17.79,17.65,17.41,17.5,16.78,16.21,18.17,18.21,13.47,17.06
"2011-10-15 03:30:00",20979,0.044,0.046,0.037,17.79,17.65,17.4,17.5,16.79,16.21,18.16,18.21,13.47,17.09
"2011-10-15 03:45:00",20980,0.044,0.046,0.037,17.79,17.65,17.4,17.5,16.79,16.21,18.16,18.21,13.47,17.09
"2011-10-15 04:00:00",20981,0.044,0.046,0.037,17.79,17.66,17.4,17.5,16.8,16.21,18.16,18.21,13.47,17.06
"2011-10-15 04:15:00",20982,0.044,0.046,0.037,17.79,17.65,17.4,17.5,16.8,16.21,18.16,18.2,13.47,17.01
"2011-10-15 04:30:00",20983,0.044,0.046,0.037,17.79,17.65,17.4,17.5,16.8,16.21,18.15,18.2,13.47,16.98
"2011-10-15 04:45:00",20984,0.044,0.046,0.037,17.79,17.65,17.4,17.5,16.79,16.21,18.15,18.2,13.47,17.01
"2011-10-15 05:00:00",20985,0.044,0.046,0.037,17.79,17.64,17.4,17.5,16.79,16.22,18.15,18.2,13.47,17.04
"2011-10-15 05:15:00",20986,0.044,0.046,0.037,17.79,17.65,17.4,17.49,16.79,16.22,18.15,18.19,13.47,17.06
"2011-10-15 05:30:00",20987,0.044,0.046,0.037,17.79,17.65,17.4,17.49,16.8,16.22,18.15,18.19,13.47,17.11
"2011-10-15 05:45:00",20988,0.044,0.046,0.037,17.79,17.66,17.4,17.49,16.81,16.22,18.15,18.2,13.47,17.19
"2011-10-15 06:00:00",20989,0.044,0.046,0.037,17.79,17.66,17.4,17.48,16.8,16.23,18.15,18.21,13.47,17.29
"2011-10-15 06:15:00",20990,0.044,0.046,0.037,17.79,17.66,17.4,17.49,16.8,16.23,18.15,18.21,13.48,17.39
"2011-10-15 06:30:00",20991,0.044,0.046,0.037,17.8,17.67,17.4,17.47,16.81,16.22,18.16,18.22,13.48,17.54
"2011-10-15 06:45:00",20992,0.044,0.046,0.037,17.82,17.67,17.4,17.48,16.8,16.22,18.16,18.22,13.48,17.64
"2011-10-15 07:00:00",20993,0.044,0.046,0.037,17.87,17.68,17.4,17.47,16.81,16.24,18.17,18.24,13.48,17.79
"2011-10-15 07:15:00",20994,0.044,0.046,0.037,17.92,17.69,17.4,17.48,16.8,16.23,18.19,18.26,13.48,17.99
"2011-10-15 07:30:00",20995,0.044,0.046,0.037,17.95,17.72,17.4,17.47,16.81,16.23,18.21,18.29,13.48,18.2
"2011-10-15 07:45:00",20996,0.044,0.046,0.037,18.03,17.76,17.4,17.48,16.8,16.23,18.24,18.33,13.47,18.51
"2011-10-15 08:00:00",20997,0.044,0.046,0.037,18.11,17.78,17.4,17.47,16.79,16.23,18.28,18.38,13.47,18.95
"2011-10-15 08:15:00",20998,0.044,0.046,0.037,18.21,17.84,17.41,17.48,16.8,16.23,18.33,18.45,13.47,19.55
"2011-10-15 08:30:00",20999,0.044,0.046,0.037,18.38,17.93,17.43,17.49,16.8,16.23,18.4,18.53,13.47,20.1
"2011-10-15 08:45:00",21000,0.044,0.046,0.037,18.55,18.02,17.45,17.48,16.8,16.23,18.51,18.64,13.47,20.61
"2011-10-15 09:00:00",21001,0.044,0.046,0.037,18.73,18.15,17.49,17.48,16.79,16.23,18.64,18.76,13.47,21.18
"2011-10-15 09:15:00",21002,0.044,0.046,0.037,18.88,18.27,17.53,17.49,16.79,16.23,18.77,18.87,13.47,21.48
"2011-10-15 09:30:00",21003,0.044,0.046,0.037,19.04,18.39,17.57,17.5,16.79,16.23,18.92,18.98,13.47,22.14
"2011-10-15 09:45:00",21004,0.044,0.046,0.037,19.2,18.51,17.61,17.52,16.8,16.23,19.18,19.11,13.47,22.81
"2011-10-15 10:00:00",21005,0.044,0.046,0.037,19.32,18.61,17.69,17.53,16.8,16.24,19.5,19.21,13.47,23.27
"2011-10-15 10:15:00",21006,0.044,0.046,0.037,19.42,18.69,17.74,17.56,16.8,16.25,19.77,19.3,13.47,23.96
"2011-10-15 10:30:00",21007,0.044,0.046,0.037,19.52,18.79,17.79,17.58,16.79,16.26,20.02,19.4,13.47,24.39
"2011-10-15 10:45:00",21008,0.044,0.046,0.037,19.65,18.89,17.85,17.61,16.8,16.26,20.12,19.48,13.47,24.75
"2011-10-15 11:00:00",21009,0.044,0.046,0.037,19.79,18.96,17.9,17.61,16.79,16.26,20.27,19.6,13.47,25.13
"2011-10-15 11:15:00",21010,0.044,0.046,0.037,19.93,19.11,17.97,17.64,16.8,16.25,20.44,19.72,13.47,25.46
"2011-10-15 11:30:00",21011,0.044,0.046,0.037,20.03,19.23,18.01,17.66,16.8,16.25,20.55,19.84,13.47,25.61
"2011-10-15 11:45:00",21012,0.044,0.046,0.037,20.14,19.31,18.09,17.7,16.81,16.25,20.62,19.94,13.47,25.89
"2011-10-15 12:00:00",21013,0.044,0.046,0.037,20.27,19.42,18.14,17.74,16.82,16.25,20.69,20.06,13.47,26.56
"2011-10-15 12:15:00",21014,0.044,0.046,0.037,20.42,19.53,18.21,17.77,16.83,16.25,20.77,20.2,13.47,27.59
"2011-10-15 12:30:00",21015,0.044,0.046,0.037,20.6,19.65,18.26,17.83,16.85,16.25,20.85,20.35,13.47,28.49
"2011-10-15 12:45:00",21016,0.044,0.046,0.037,20.73,19.78,18.35,17.87,16.86,16.25,20.93,20.54,13.47,29.05
"2011-10-15 13:00:00",21017,0.044,0.046,0.037,20.92,19.89,18.44,17.89,16.87,16.24,21,20.68,13.47,30.53
"2011-10-15 13:15:00",21018,0.044,0.046,0.037,21.08,20.02,18.52,17.92,16.88,16.25,21.07,20.81,13.47,31.05
"2011-10-15 13:30:00",21019,0.044,0.046,0.037,21.21,20.17,18.59,17.97,16.89,16.26,21.13,20.91,13.47,31.02
"2011-10-15 13:45:00",21020,0.043,0.046,0.037,21.37,20.28,18.66,18.01,16.9,16.27,21.19,21.06,13.47,32.3
"2011-10-15 14:00:00",21021,0.043,0.046,0.037,21.54,20.41,18.75,18.04,16.92,16.27,21.24,21.26,13.47,31.83
"2011-10-15 14:15:00",21022,0.043,0.046,0.037,21.61,20.52,18.83,18.09,16.89,16.26,21.29,21.35,13.47,30.88
"2011-10-15 14:30:00",21023,0.043,0.046,0.037,21.7,20.63,18.9,18.12,16.91,16.27,21.33,21.42,13.47,30.16
"2011-10-15 14:45:00",21024,0.043,0.046,0.037,21.76,20.72,18.97,18.19,16.93,16.25,21.38,21.49,13.47,29.55
"2011-10-15 15:00:00",21025,0.043,0.046,0.037,21.88,20.8,19.05,18.23,16.95,16.26,21.41,21.58,13.47,30.36
"2011-10-15 15:15:00",21026,0.043,0.046,0.037,22.05,20.9,19.13,18.28,16.98,16.27,21.48,21.72,13.47,32.22
"2011-10-15 15:30:00",21027,0.043,0.046,0.037,22.22,21.02,19.21,18.34,16.99,16.27,21.58,21.88,13.47,33.85
"2011-10-15 15:45:00",21028,0.044,0.046,0.036,22.33,21.15,19.28,18.38,17.02,16.27,21.68,22.02,13.47,34.19
"2011-10-15 16:00:00",21029,0.043,0.046,0.036,22.39,21.26,19.37,18.44,17.03,16.27,21.78,22.13,13.47,33.03
"2011-10-15 16:15:00",21030,0.043,0.046,0.036,22.41,21.32,19.44,18.47,17.06,16.26,21.86,22.19,13.47,31.69
"2011-10-15 16:30:00",21031,0.043,0.046,0.036,22.45,21.38,19.51,18.52,17.07,16.27,21.9,22.23,13.47,30.4
"2011-10-15 16:45:00",21032,0.043,0.046,0.036,22.46,21.43,19.58,18.58,17.07,16.27,21.93,22.26,13.47,29.32
"2011-10-15 17:00:00",21033,0.043,0.046,0.036,22.46,21.47,19.67,18.62,17.09,16.27,21.95,22.28,13.47,28.23
"2011-10-15 17:15:00",21034,0.043,0.046,0.036,22.43,21.49,19.73,18.66,17.13,16.28,21.95,22.28,13.47,27.34
"2011-10-15 17:30:00",21035,0.043,0.046,0.036,22.43,21.51,19.78,18.72,17.15,16.28,21.96,22.27,13.47,26.5
"2011-10-15 17:45:00",21036,0.043,0.046,0.036,22.36,21.52,19.81,18.75,17.15,16.29,21.95,22.25,13.47,25.73
"2011-10-15 18:00:00",21037,0.043,0.046,0.037,22.25,21.48,19.87,18.81,17.17,16.29,21.93,22.19,13.47,24.98
"2011-10-15 18:15:00",21038,0.043,0.046,0.037,22.11,21.44,19.89,18.84,17.2,16.29,21.89,22.13,13.47,24.36
"2011-10-15 18:30:00",21039,0.043,0.046,0.037,21.98,21.38,19.9,18.88,17.22,16.29,21.85,22.06,13.47,23.81
"2011-10-15 18:45:00",21040,0.043,0.046,0.037,21.89,21.32,19.93,18.91,17.26,16.28,21.8,21.99,13.47,23.52
"2011-10-15 19:00:00",21041,0.043,0.046,0.037,21.87,21.27,19.95,18.95,17.3,16.28,21.75,21.93,13.47,23.38
"2011-10-15 19:15:00",21042,0.043,0.046,0.037,21.82,21.24,19.95,19,17.31,16.27,21.73,21.9,13.48,23.15
"2011-10-15 19:30:00",21043,0.043,0.046,0.037,21.77,21.22,19.96,19.01,17.33,16.28,21.7,21.86,13.47,22.73
"2011-10-15 19:45:00",21044,0.043,0.046,0.037,21.69,21.17,19.96,19.04,17.36,16.28,21.67,21.81,13.47,22.33
"2011-10-15 20:00:00",21045,0.043,0.046,0.037,21.62,21.1,19.96,19.06,17.39,16.29,21.63,21.76,13.47,21.95
"2011-10-15 20:15:00",21046,0.043,0.046,0.037,21.52,21.04,19.95,19.09,17.39,16.28,21.59,21.7,13.47,21.51
"2011-10-15 20:30:00",21047,0.043,0.046,0.037,21.42,20.99,19.95,19.1,17.41,16.27,21.54,21.64,13.47,20.99
"2011-10-15 20:45:00",21048,0.043,0.046,0.037,21.25,20.9,19.93,19.11,17.43,16.29,21.47,21.55,13.47,20.45
"2011-10-15 21:00:00",21049,0.043,0.046,0.037,21.09,20.81,19.92,19.13,17.47,16.3,21.39,21.44,13.47,19.89
"2011-10-15 21:15:00",21050,0.043,0.046,0.037,20.93,20.71,19.88,19.16,17.48,16.32,21.31,21.34,13.47,19.47
"2011-10-15 21:30:00",21051,0.043,0.046,0.037,20.79,20.6,19.85,19.16,17.48,16.31,21.22,21.24,13.47,19.1
"2011-10-15 21:45:00",21052,0.043,0.046,0.037,20.67,20.5,19.81,19.17,17.5,16.33,21.13,21.13,13.47,18.77
"2011-10-15 22:00:00",21053,0.043,0.046,0.037,20.55,20.42,19.79,19.17,17.53,16.33,21.05,21.04,13.47,18.48
"2011-10-15 22:15:00",21054,0.043,0.046,0.037,20.42,20.33,19.76,19.17,17.55,16.32,20.98,20.95,13.47,18.17
"2011-10-15 22:30:00",21055,0.043,0.046,0.037,20.3,20.24,19.71,19.16,17.58,16.31,20.89,20.85,13.47,17.89
"2011-10-15 22:45:00",21056,0.043,0.046,0.037,20.18,20.14,19.68,19.16,17.58,16.31,20.81,20.76,13.47,17.54
"2011-10-15 23:00:00",21057,0.043,0.046,0.037,20.06,20.01,19.59,19.15,17.58,16.3,20.71,20.66,13.47,17.26
"2011-10-15 23:15:00",21058,0.043,0.046,0.037,19.96,19.93,19.55,19.14,17.59,16.3,20.63,20.57,13.47,17.06
"2011-10-15 23:30:00",21059,0.043,0.046,0.037,19.84,19.85,19.5,19.13,17.62,16.3,20.55,20.48,13.47,16.81
"2011-10-15 23:45:00",21060,0.043,0.046,0.037,19.73,19.76,19.44,19.13,17.64,16.32,20.46,20.39,13.47,16.66
